mfcc_1,mfcc_2,mfcc_3,mfcc_4,mfcc_5,mfcc_6,mfcc_7,mfcc_8,mfcc_9,mfcc_10,mfcc_11,mfcc_12,mfcc_13,zcr,rmse,label
0.740448226715134,1.1087764524541697,-1.8242698767748746,-1.2281877050519607,-1.2731365953058207,-0.9548499565776992,-1.525290573629875,-1.8916846202645934,-0.35746519777740515,0.3760850600683316,1.7820033568091185,-0.11135425204716955,0.9114234326300087,-0.8628647867751091,0.7561770484797431,0
0.1437743670422715,-0.25745018581032236,-0.11953873816224063,-0.11973364496530521,0.48938827220420705,-0.6355900265195009,-0.7214272613915833,0.29423466511761953,-1.6806295495654036,-0.2235561710944019,0.8451279379085711,0.3124854578492335,-2.0500726021006086,-0.24160917257372122,-0.7375509050902869,2
-1.0769440173257945,-0.9684227298920999,-0.5258123685953655,-0.8960135913243646,-0.1449258446996554,-0.8460317987875021,0.421329261023556,0.6927525004735599,0.7517096545411955,1.6202304794764282,-0.36536671046459723,0.044847501043672924,0.03162275389620223,1.2329913115618898,-1.1487790320051912,1
0.7338883855942273,1.1224037500343524,-1.8139194472154023,-1.233087974866728,-1.2644682755895993,-0.9433127361239435,-1.5103801494045392,-1.893502783717479,-0.3782088532478081,0.37354795924511974,1.8123659055689003,-0.09779864406344779,0.892420873337654,-0.8609056765691471,0.7428356853974077,0
-1.8468811020435776,-1.8277847666444833,0.42307205534105086,-0.7851896601204587,-0.33969423844451446,0.13970503541966747,0.16190414493257066,0.5595222649437952,1.2816142461448927,1.3436958830971744,0.18754656487196444,-0.6316796832286752,-0.0007203828679498673,3.3218816847221375,-1.6503689834286681,1
-0.002142233781601668,-0.9298644657278639,0.20896249721968665,0.2582840320155258,-1.1853266393072812,-0.26973160498856025,0.3632092457290172,-0.04466992139577645,1.2649204649676427,-0.43545815010481065,-0.5231681691852379,-0.5110622208401874,-2.033992869414768,0.36401709576233227,-0.5853826185613551,2
-0.13651754798128496,-0.19937715063611047,0.5069032992264181,-0.04274967579034449,-0.036847912978365795,-0.1776040882903125,0.2217786892078222,-0.5829229982777124,-0.9438611217940813,-0.9937530827674578,-0.4742168545127538,-0.8573652662533665,0.0800599549948894,-0.18671055102446205,0.8507545486018494,2
-0.2974263541671381,-1.4682750979166852,-2.1410714894727545,-2.1730496884473554,0.1383566252808103,0.41233043950009945,0.5385426107649112,0.8956005643834404,2.7926484545065504,4.243486560866399,1.7220636926837218,2.1632065064646087,2.6606192965634574,0.8540123261643379,-1.1132964695797267,1
0.7346750303975919,1.11161811865507,-1.8094792321539959,-1.2260122233881994,-1.2714469155134578,-0.9462768732445901,-1.520403497130337,-1.9003616924634588,-0.36798486321407664,0.36432258978375187,1.7787989855204496,-0.11792222025091618,0.8975975402755996,-0.8610798196985658,0.7397548955580293,0
0.740448226715134,1.1087764524541697,-1.8242698767748746,-1.2281877050519607,-1.2731365953058207,-0.9548499565776992,-1.525290573629875,-1.8916846202645934,-0.35746519777740515,0.3760850600683316,1.7820033568091185,-0.11135425204716955,0.9114234326300087,-0.8628647867751091,0.7561770484797431,0
-0.19544240295182613,0.17817334614027236,1.1466965713829484,1.5552238442441506,1.3158818260770682,2.1720583493207184,1.7952735472773196,0.6656757031636273,1.3636677179145507,-0.4003522410171166,0.029699301608727826,0.2349059202242234,0.2825940600389621,0.014773049713031276,-0.6791962219892407,1
0.740448226715134,1.1087764524541697,-1.8242698767748746,-1.2281877050519607,-1.2731365953058207,-0.9548499565776992,-1.525290573629875,-1.8916846202645934,-0.35746519777740515,0.3760850600683316,1.7820033568091185,-0.11135425204716955,0.9114234326300087,-0.8628647867751091,0.7561770484797431,0
0.562529489862334,0.09508094821400025,-0.5554845682069082,-0.69153815178997,-0.2482326104659265,0.13977260833313768,0.24083251571163364,0.5976708827519966,-0.14527375299418296,0.10263796687978823,0.0166642448767213,0.942418634748944,0.6779816185830669,0.3646265967152973,0.017744878202925356,2
0.7001332922002356,0.6826401745351488,0.35749175966378377,0.803735957520865,0.845973242626513,-0.15053877007888186,-0.32681519766084965,-0.44192496305867884,-0.5295835941002555,-0.13172131030578718,0.2575132327102664,0.1385414264434816,-0.16175286190953073,-0.6171923669476079,0.8404540081797869,2
1.0822666156349778,1.868681867938269,1.760449125195223,0.07151703862345613,-1.0285081884961846,-1.195363515847306,-0.5490557089937589,0.45149172399552173,-2.086488220546802,2.5914808378047516,-1.0270032512663243,-1.1273928984419503,-0.6426149389866829,-1.4904330894179252,0.45500663047293693,2
0.660805413416294,-0.9640584847973703,0.22110122089152878,0.48125092382746687,-0.3372617794781087,-0.3942608595550128,-0.17119234606925288,-0.10129016412616203,0.371741620404596,-0.4158469599893719,-1.210347613165697,0.18664653200446715,-2.5321483435329397,-0.12593459885731706,0.36067888457014197,2
-1.0301139192853124,-1.05020794693393,-0.071447976244982,-0.4591730447600987,-0.750052718104217,-0.4957243498915592,0.10796458343370523,1.184753420936378,0.3079102315454453,0.5930758913788206,-0.052523287692020144,-0.15073666338724748,-0.9508871937966208,1.2326865610854076,-1.2417636010173354,1
0.012864544986472413,-0.613295634933867,0.8551328825392869,-0.6176771507540271,0.19506093052853354,-0.23067406660835377,-1.2935299449263549,1.4876145532798242,-1.6020309887381958,-0.9993586105213901,0.6266583854216277,-0.3117421795370729,-1.0089739316757362,0.5308026779631398,-0.6017298777373562,2
-0.8617523583234552,-1.1785831400451512,-0.3289990914178955,-0.49949449500601933,-0.3724241316306989,-0.6724849030066307,0.09971978300881366,0.6201442479132957,0.8222508084110717,0.8315936936944957,-0.7307626010485667,-1.3069384896724068,-0.7609670139207027,1.6996078268394272,-1.2909583204845863,1
0.760604949345994,0.9265955581992764,0.8521229559471,0.6613507228948794,0.4697119383262682,-0.04802132634293755,-0.16271220334417025,-0.1071030724358678,-0.38197061895488266,-0.2422028065302253,0.5425052033572665,1.0320316890560495,-0.3023271010149769,-0.510921522219817,0.9262730050635921,2
-0.3484369986271251,-1.0899209176128133,0.8148874644363088,1.0519669829761078,-0.6836012781569305,0.07655315211891142,0.22103844085568616,-0.22754803852799702,0.34219328192546905,-2.2023314594775774,0.02366867553052134,0.29933352456655554,-2.5684279693297754,0.3206989923194191,-0.6546965688378966,2
-0.057128652349197506,-1.161730717295262,0.5067607039053416,1.0368327746161898,0.06327721028424306,-0.258717745952168,-0.2796145437672984,0.35329750456230685,1.2943912150966752,-1.045860680901142,-1.251165186186673,-0.44403084075691096,-1.7924391536327868,0.42383526071767214,-0.7598421195654057,2
0.06360925137906116,0.26136965466403717,0.32640127157842314,-0.29423212235566265,-0.28393134919745144,-0.39268170423088056,0.2939052206588933,-0.911826159535008,-1.1017395824204892,-1.12468738198443,-0.4662766370537146,-0.6478640099482972,0.021499329837252425,-0.416971303898402,1.0123445528936434,2
-0.9458522936318949,-1.076807761009812,-0.18070797772646463,-0.24135786971240925,-0.884290674971145,-0.844515417911195,0.104458206587092,0.9028652053025369,-0.11216396604574666,0.4551395180381616,-0.5686220780077947,-1.2343229113019483,-1.1112641884847827,1.062940545684482,-1.1878895996669543,1
0.6694149987854822,0.16235620487804947,-0.6332190470876651,0.13765652565508898,-0.9552409332118098,-0.812357613002025,-0.6200937823064463,0.4343883576936322,0.052103817101860406,-0.44852452856484315,-0.3759303831008297,-0.33494977888660754,-0.004622928522147956,-0.21975420983166805,0.6060702098625467,0
0.4399536349626711,0.9897833038945598,1.0388384190752253,0.6209748685712437,1.104925628450693,-0.3132810988043817,-0.3038082535548248,0.6133471529090511,-0.8082663672783741,-0.8511204391982868,-0.6060686657164089,-0.7729347446186193,-0.25083367583232835,-1.1164171832088063,0.8239232056686566,2
-0.21888409896642064,0.04694039511756704,0.522072793413095,1.226403851558349,1.135934736952695,1.8476203489720397,1.519857271922782,0.002625858301522468,0.9483204375892523,-0.9113930577378483,-0.6096448553796014,0.5664450628752242,0.3303386276422213,-0.23377273174987787,-0.4507475335091842,1
0.2508335867110443,0.5967854865588397,0.256853056901529,0.06814196625043507,0.2821669172298438,-0.31218908634185233,0.1451605829297334,-0.36368186646531186,-0.4970005552417008,-0.9338013071453142,-1.1049332678576762,0.0982188006597946,-0.08263367527490256,-0.47252296218298323,0.8508551657313481,2
-0.32881108837879247,-0.9333949365179132,0.165888609102382,0.08941270925645615,-1.0593324309631316,-0.42787490018890895,0.3080071025797911,-0.4557026864608381,0.5297361055562078,-0.5017895709885152,-1.8091657430466745,1.0644123970126131,-2.1629844963350413,0.230536387062862,-0.8096946227037507,2
-0.11521590878266039,-0.15168471199136793,0.5110079045898486,0.10980674250636044,-0.03045747996001759,-0.1769916594626844,0.1282333645622532,-0.9243364468540606,-0.10634532797039697,-0.8934324652833038,-0.8940956453558285,-0.35998958905408407,0.41633681707556863,-0.09437115665016947,0.6620717399285218,2
-8.048554387147755,-3.2091151349752813,0.3811643647537093,-0.6774356255122574,0.25292829211695395,0.5490301936671506,1.2272174107484288,1.1539948127449908,2.017326411373298,1.6189145111473218,2.164665521649683,2.3667200148754994,2.09085683347759,-2.3740353280886564,-2.1777443019116505,2
-0.145451152291791,0.1208974640011376,0.7210479512649692,-0.4162725550236591,-0.04244914224263542,-0.26388832274835344,0.43025238349596034,-0.5337575436760817,-1.4047993849803124,-1.2575090991080877,-1.0090304648424548,-0.6642992829089664,0.10060682486373532,-0.6685210543437847,0.8314229866657271,2
0.7583419227676593,1.1131107510919827,-1.8523105018671682,-1.2585673211791046,-1.2741470458278357,-0.968923922047643,-1.534774198048874,-1.8997903605131012,-0.3750236301673792,0.3792593683606327,1.8146615147324616,-0.12759199013441053,0.9040487810756725,-0.8736616607990716,0.804688878773646,0
-1.307211918119412,-1.1814919151735992,-0.3362976290833442,-0.5882955663435976,-0.13930153010411006,-0.3399357209425033,0.4207960915529648,1.3310096929716113,1.8755071444894438,1.1793081277763546,0.22968559894683946,-0.7864699205745579,-0.3029501505845092,1.552021524657038,-1.4803761805406075,1
0.9060430743990036,0.3958126493877849,-1.059415054279109,0.16849438245959286,-1.833166559720499,-0.880166505810112,-1.0951837522269314,-0.37181126382485413,-0.18610576132208967,-1.4596042035277066,0.744417650418359,0.8443081313212789,0.9781425939532374,-0.6071791370060312,1.4260533115597251,0
-0.5807831522298488,0.25016751497313455,0.6055039753130474,1.366041500606092,1.164210846932637,1.529853661983202,1.9318467802258519,0.5201855514065907,0.32315419433937675,-0.8647376566451529,0.5397333414620618,0.49161293170223497,0.5357120962965991,0.13693445500028442,-0.8245661856604948,1
0.7427164656795894,1.1207235012408547,-1.8260989656692987,-1.2462902251674137,-1.2702789656185784,-0.951935118761627,-1.5101625322522736,-1.8866284851304504,-0.3890840777133308,0.3827156004394588,1.8218801274274414,-0.09199022417267118,0.8902421987321351,-0.8608621407867924,0.7712979103746695,0
-1.0976200638146707,-0.6454657064766377,-0.6016905765111905,-1.2623943773269017,-0.3585470473884214,-0.7855394486375283,0.11854351772894145,0.289528108315079,0.6359659151971431,1.4249124171449297,-0.36897931473915413,-0.14153072706953176,-0.7874332318487555,0.9839231007107231,-1.1382634688099404,1
1.577838587474476,0.24249833559701298,-0.38575057255950623,0.3459476356330635,0.9211170186520722,0.1996748918200386,-0.7073616862337688,-0.07633140322979173,-0.5077109370087216,0.010141587493745484,-0.6814079773785233,-0.07051748972763298,-0.23688049580859866,-0.01914132474127022,1.4245305262637022,2
-0.29512407513005523,0.8182651523053857,1.0061960038389366,1.3909309634887241,1.5319007151434256,2.2326980715251676,1.611356541037047,0.690378585694519,0.6387369974407632,-0.5349407800555688,-0.667894721221813,1.5219981974420567,1.201818652863303,-0.4387827308581007,-1.0834582224303682,1
-0.7641075589910453,-0.8187380709998877,0.791355117963153,1.0490000341102443,0.563896852483144,1.6263860386789828,1.8264793404793696,0.9224151366083212,1.4420828363192304,0.6879689001824897,0.2930143869834661,1.2832768669698549,0.665537523451934,0.2033265230911813,-0.6559188035486497,1
-1.1414632518573586,-1.1520406932783018,0.16847498094359067,-0.6625314264667826,-0.6154829757245458,-0.4999287917828955,0.19152711221501237,1.2949149448430104,1.554330950364303,0.16336006406145132,-0.6524995854325407,0.17966893765559122,-0.4217961959626545,1.9535520453143183,-1.362509001907509,1
0.748577315184146,1.1122958466631667,-1.839006113902153,-1.2483763136586143,-1.2728142611661022,-0.96521503676589,-1.5321248842372601,-1.8987467766634385,-0.3587575775518389,0.3870272003758877,1.7981377321113496,-0.1272233796739961,0.9007185207827385,-0.8718331579401739,0.7758029171456527,0
0.6505512670383136,0.6590019568081071,0.7625047532967787,1.1759729069842146,1.9476409406153243,-0.11722440348439277,-0.5733179361598221,0.45663519965733834,-0.2054229497687347,-1.1255386979873099,-0.10495780880622703,-1.15340070909453,-1.2404772016625112,-0.767739102330116,1.06271536107722,2
-1.21889005642818,-0.5106518086479479,-0.27144901231643126,-0.1641271431674256,-0.6725399272169954,-1.2037137005913316,0.21674739107400545,-0.07547465968179316,-0.015686074702754384,0.20228557129443114,-1.193445278902299,0.06396012778967809,-1.126937543500423,0.5689400233058458,-1.1680252937697964,1
-2.0427058744752298,-1.3255963945800646,-0.020948284615046293,-0.4468239881737392,0.2721463881643444,0.38570078252981443,0.8460934100449395,1.2297742959518658,1.8831934291842771,1.71031088874802,0.5498253647231818,0.8202372693210843,1.0424603366783531,0.5055083884150662,-1.7364415068611385,1
-1.6424765293062862,-2.126277519162899,-0.16267256556293344,-0.5374635419239269,-0.03244568912795121,-0.4382440557862781,0.5144066938966722,1.2312624096367417,1.5909990126007845,1.9099785355332353,-0.39160836194063336,0.1373977635896457,0.38287920605114506,3.3554913086999574,-1.5275429477791822,1
-0.5153273902001333,-1.1159328430513482,-0.8240759826171158,-0.6999276700600091,-0.6184574074545396,-1.1809998019312755,0.04635122448955748,-0.13043725118577335,1.3521121308405029,1.3520830517696347,-0.8760129280297284,-0.16536925530667818,-0.7836789056139436,1.2117458497728022,-0.9723761309821272,1
0.15438955094055196,0.3596117125839097,0.8751570511661112,1.364636856950765,1.4031029756427038,1.8143182086050855,1.5880429146342006,0.4140982767843937,0.5062516351096292,-0.18230594420235566,-0.4938319628114075,0.21274619201385275,0.21293300724496972,-0.19202191647173303,-0.13837134611563565,1
-0.48305250808928285,-0.866657092475276,0.2589148451287421,0.6811582179896881,-0.5956607662519098,-0.21670343248079807,-0.18337764051411642,-0.3327950914232889,0.45277279080722715,-0.9186256184186273,-1.5329345782393227,-1.1507145987258582,-2.3137353374590655,0.13131833907652882,-1.1375456205499053,2
0.7583419227676593,1.1131107510919827,-1.8523105018671682,-1.2585673211791046,-1.2741470458278357,-0.968923922047643,-1.534774198048874,-1.8997903605131012,-0.3750236301673792,0.3792593683606327,1.8146615147324616,-0.12759199013441053,0.9040487810756725,-0.8736616607990716,0.804688878773646,0
-0.29390373852637636,-0.1285876952929391,1.1830848233340294,1.490159243516813,0.888415973313403,2.234866583602387,1.4184863242581431,0.5914345630302826,1.1066276682317333,0.0312074574314399,-1.6298847021210048,-0.018478896606450503,0.07066273066120206,-0.09249911800891707,-0.5988405336127023,1
0.19205255104735194,0.22009896310453378,0.5318135469056323,-0.5650884792515822,-0.19390261284875945,-0.12703384764382555,0.43977607568632077,-0.7311851656607666,-1.2034916264793174,-1.0987591371001266,-0.7861959455665419,-0.602349791650619,0.031734767045204344,-0.26555385286880046,1.3900044769700861,2
1.1329435610079934,0.4892971894654697,-0.13365759113305192,1.0554602550533876,0.48744797585489713,0.6718513850878695,-0.4070378021401407,0.0940792256041454,-0.028027308912406033,0.7284965534240956,-0.8015745917204797,-3.3552037861884454,-0.25439867344492123,-0.5369559200679203,1.6604063458806806,1
-0.4043242026166133,0.3921299567884213,1.0145883705649719,1.2934315090092474,1.2713549265729913,2.1879135972635506,1.5295422629592672,0.524621285163295,0.4649799377675546,-0.14791252177939657,-0.704681265471617,1.91314776219675,1.1169729542741307,-0.12284355831013569,-1.4706010020212752,1
0.7346750303975919,1.11161811865507,-1.8094792321539959,-1.2260122233881994,-1.2714469155134578,-0.9462768732445901,-1.520403497130337,-1.9003616924634588,-0.36798486321407664,0.36432258978375187,1.7787989855204496,-0.11792222025091618,0.8975975402755996,-0.8610798196985658,0.7397548955580293,0
-0.4043242026166133,0.3921299567884213,1.0145883705649719,1.2934315090092474,1.2713549265729913,2.1879135972635506,1.5295422629592672,0.524621285163295,0.4649799377675546,-0.14791252177939657,-0.704681265471617,1.91314776219675,1.1169729542741307,-0.12284355831013569,-1.4706010020212752,1
0.9226301635387866,-0.039617709875663445,0.3577200326976912,1.1141920650218908,1.1836402601636773,0.3074331408548449,-0.31510356683282625,-0.16578402760162614,-0.5840830636790674,0.13362706361547982,-0.059003256333094826,-1.5507953098735918,-0.44592607229212344,-0.19223959538350643,0.8456440179293596,2
0.19338585814206127,1.2844236070909705,-0.4125347530465949,-0.7135076080635011,-0.8053474469897085,-0.9270567177011235,-0.26552156165806906,-0.3750300300019918,-0.8533491366825536,-0.18400217854276335,0.27398752352310335,1.0365385243346512,1.0059973223505334,-0.5514097998096766,0.09223622043775155,0
-0.4043242026166133,0.3921299567884213,1.0145883705649719,1.2934315090092474,1.2713549265729913,2.1879135972635506,1.5295422629592672,0.524621285163295,0.4649799377675546,-0.14791252177939657,-0.704681265471617,1.91314776219675,1.1169729542741307,-0.12284355831013569,-1.4706010020212752,1
1.0424836636301038,1.164548805975682,-0.016460576797274015,0.49208199389743423,1.011100508315725,-0.11366505942651607,-0.6217578608999496,0.058904217620829896,-0.5760462905363157,-0.5400516616500121,0.13620448209867542,-0.76823651544711,0.007548978428396726,-0.8064859486257892,1.2576757160368652,2
-1.2918191036527022,-1.5541675617247912,-0.7601347787972575,-0.7871233651564521,-0.18686727879328024,-0.14052693584106904,0.2210114807567403,1.2840334496186765,1.6978271377736562,2.0480530557944014,0.38829175187180864,1.3362246284664567,-0.3636130023163429,1.9767130815270115,-1.3814080792912076,1
0.7586036058259797,1.12784043908738,-1.8465744347012083,-1.2683420898039375,-1.2608388072828953,-0.9652657164509928,-1.5247922586518439,-1.899979998967683,-0.3948672412494175,0.3826823325796267,1.8469187683967325,-0.10395247515489206,0.8885658484133354,-0.875185413181485,0.8117307770353132,0
0.7427164656795894,1.1207235012408547,-1.8260989656692987,-1.2462902251674137,-1.2702789656185784,-0.951935118761627,-1.5101625322522736,-1.8866284851304504,-0.3890840777133308,0.3827156004394588,1.8218801274274414,-0.09199022417267118,0.8902421987321351,-0.8608621407867924,0.7712979103746695,0
0.17672249796454803,0.8172891864504547,0.34201784146082165,-0.29635376987739,-0.3574597868274232,-0.3163724281308307,0.572687576079949,-0.950884304230344,-0.3228741047238732,-0.2603495710465219,-0.7932319813547336,-1.0140933241192394,-0.09850163899385918,-0.7606427698063021,0.9375613754551589,2
-1.4077936310929442,-1.0573850663348374,-0.07720051739306792,-0.25072052528031774,-0.23398786781299313,-0.636816067358067,0.48986004513427045,0.835944376612481,0.8055147832411946,0.6331526371663961,-0.5817036263505362,0.050016424999937845,-1.2649647091991891,1.362031370461182,-1.4494151450870911,1
-0.6206219512288763,-0.2564060286257862,1.1880404139204745,1.3020201919224768,0.9810953613333627,2.227613998575409,1.69587449252926,1.4976487296439427,0.8027227742739541,0.9492763167372816,0.07430605541596907,0.6407564995516839,0.5516619012725705,0.3151699479603729,-0.9458947041166146,1
0.04106940453862831,0.33121543581365204,0.5767497926907386,1.6106740017316779,1.6287406116753285,1.716790577548553,1.4597936047876872,0.18297221939237024,1.0223357855800306,-0.010564243163472552,-0.9795151627070738,1.4533712238273364,-0.033584739066178496,-0.4245465300281175,-0.17313973505017707,1
-1.3451407499183832,-1.5244835151469849,0.6693181343839045,-0.37823383966371316,-0.3974724566574809,-0.3769190732482429,-0.21299174522259542,0.6136348030290264,1.0334573140025645,1.4459776281230927,0.7561341088803797,0.5415728408243141,0.1799162829922067,2.144848272980814,-1.356609436518464,1
0.8402185094574197,0.8770902765090255,0.07892878693619416,1.6386993498499396,1.4477654388703123,1.0691396974360758,1.064168816964476,-0.11718952338404616,-0.5999294427314916,0.3318332618484963,-1.8248031848662805,0.6402403539296149,0.19326319656132174,-0.6270749895421227,1.409655906419378,1
-1.7307812645859775,-1.7678237336419234,0.023728222830291766,-0.13552956723562162,-0.3998100492304684,-0.34574396781025907,0.6110081542889158,0.809780540286446,1.0991123382706987,0.49945742546663724,-0.4793327638753154,-1.086429525783275,-0.24897791590080048,2.183420976147066,-1.519282034294745,1
0.751566246311252,1.121098697873957,-1.8364844674696659,-1.2519993080528324,-1.269296163889292,-0.9529623190717424,-1.50919710749361,-1.8898139278501094,-0.38585719645835453,0.3811808005214411,1.8403416025162693,-0.09795171368902914,0.8899570743528576,-0.8629083225574637,0.7913151907311554,0
0.8176946189010317,0.1412527923686855,-1.0283294737063187,0.11642010268898367,-1.1508373800858362,-0.6863056015158737,-1.393285587944451,-1.2907020425107911,0.04526520465907794,-1.2160669422554724,1.2320732397227572,-1.295354022714095,1.1329623032860376,-0.4150557294747949,1.2977697234572458,0
0.5640552297426132,0.3676499910615451,0.823876752898907,0.8185674804745938,0.7603242654841436,-0.040084204038840304,-0.5308645684185122,-0.35454449811142763,-0.4550688361966419,-0.11115068364301482,0.8322646024067573,1.3898730303517708,-0.45413131831799763,-0.36834183500821627,0.5995658685338497,2
-0.10336421924620294,0.4504606036522524,0.4462055667069345,-0.04799413719675861,0.053682035324429944,-0.25620768829285606,0.4067553911825756,-0.7143358334872053,-0.9215988956796326,-1.2481621100283726,-0.5293194902331851,-1.3238637143197127,-0.12778195157267766,-0.46242266067669535,0.7667667249387713,2
0.06707208414227084,-2.593099197769014,-3.0980895042228154,-1.5625302505867433,-1.2902451321982529,-1.6146109150630883,0.1392862603759757,2.8353817528438126,2.6564740167283825,0.759646977954421,-0.08030969736711047,3.516697199256786,0.23082984212572955,1.2329042399971804,-0.905496731502497,1
-0.7940221875661206,-0.029036652485196133,1.2326350500099044,1.1794046631776742,0.8777345111429481,1.573297918216858,1.898679453636956,1.1867157515870401,1.2398526747065006,0.7376161481516388,-0.44027752063072534,0.9251493635633081,0.5266788204100056,-0.4109633659334545,-0.5348038119420087,1
-0.32019597149780243,-0.7389516897570654,0.4538719944048091,1.048152936229723,-0.8126312463567821,-0.11367938909104576,-0.0030647005176598486,-0.25248288793579493,0.6783256068947783,-1.9163956970103144,-0.799177640006424,0.1335926301037971,-2.3515822044703025,0.13967720928862995,-0.8829018770344473,2
0.10708353013465358,-1.060486653349746,0.32121502356592085,0.7073400100287897,-0.49091754695769985,-0.3409720580570665,-0.07074683731486853,-0.22974446137989543,1.5380903482897752,-0.37091445017605146,-0.9364135461695414,0.7068701063053542,-1.9914059981723673,0.4314540226297426,-0.7627224231076419,2
0.9058388339632414,0.5720156174809704,-1.2893836944731722,-1.2358725443146994,-0.9895803105849174,-0.11493500951235652,0.05427980231742009,0.6550989776675762,-0.2434332676800358,0.07764111544302463,-0.19880467492702122,0.7405379561976816,0.7164387121097422,-0.40221267368016284,0.11480626208427307,2
0.6146302676482013,0.4908737080618172,0.6044059844043448,0.7743184176029132,1.3058847420592805,-0.10642588381038227,-0.3018856708081685,-0.4437379117720358,-0.6029743949273119,0.2086388581747405,0.3998971114157623,0.21477980424851442,0.7276247524896107,-0.5409612120445513,0.6526680708104148,2
1.0038114817451402,1.056401362109531,0.30622547728716215,1.101405124373905,1.3211949789022017,-0.2242612130692957,-0.44021272522100496,-0.11423848956565806,-1.0504141077422473,-0.5772325468669701,-0.12405521126218791,-1.0995659170782142,-0.11390759561676438,-0.880104956587564,1.5049179542389446,2
-0.4497339786267327,-0.34119837506299766,0.7316848807146479,-0.5540812556915417,-0.2566513222418744,-0.11037094562725036,0.4928137399524918,-0.16507749398981922,-0.9743348901116878,-1.1760139318063538,-0.4266048646657806,-0.7595417209895573,0.5470661563999702,0.4538749505424066,0.36383300719136213,2
-1.4724797683556086,-1.7105257705008214,0.031384874520352005,-0.9353232198880742,-0.3217370528936374,-0.16729484778110287,0.6765696782204152,1.8063428801133616,1.2233371612254091,1.1380914459763054,0.6468717697534007,-0.6482668885963107,0.21975355200296415,3.0153027053804307,-1.539348289892674,1
0.40321375907542534,-0.6202359969247906,0.07585088349144498,-1.0052844973574084,0.006756899288212446,-0.18572033140103061,-1.4454158437974804,1.4147214869091336,-1.1528964716736092,-1.3001305589406442,0.9483676438500265,-0.9892604498324085,-1.485598743671959,0.14202814153578225,-0.2379644833149261,2
0.8619558615856705,0.14261716016181683,0.5352883866144508,0.5816880250448647,1.4595890359914157,0.15856924998410565,-0.8602383315034516,-0.12281317480547668,-0.36581717359241545,0.06609271104113305,0.4787887943789199,-1.2258676908992931,-0.8497312115519615,-0.09937777162095793,0.5511093223770336,2
0.7338883855942273,1.1224037500343524,-1.8139194472154023,-1.233087974866728,-1.2644682755895993,-0.9433127361239435,-1.5103801494045392,-1.893502783717479,-0.3782088532478081,0.37354795924511974,1.8123659055689003,-0.09779864406344779,0.892420873337654,-0.8609056765691471,0.7428356853974077,0
0.14087670585989676,0.3697191829942727,0.7209509108397297,1.7090439090646876,1.5878771066751558,2.121237010882932,1.5057106302796013,0.5126265829571465,0.44174875227676896,-0.009340369781576891,-0.3815904504294338,0.17315392593201728,1.221315258029513,-0.2026011115839224,0.029157800503341227,1
-1.156410566873562,-0.9827457955146667,0.10882136074074064,-0.7360460949353036,0.20878898143006686,-0.7209001724515548,-0.1407189440634307,0.4189002887580703,0.7730788498115103,0.5256407239429856,-0.18795609803584046,0.1461334979173387,-0.28105157995464375,1.5571587469748904,-1.2102683256790743,1
-0.05341041266605731,0.6114170367677154,0.21271169809503945,-0.5014450812890834,-0.2021376505911754,-0.48052359951625917,0.3913216282409601,-0.9051484947848565,-1.3230810174248944,-0.636356784475793,-0.46019150356981886,-1.1697069077423947,0.26066211175358583,-0.7930333918781899,1.1012838840348846,2
1.096181027197405,0.8035047962516998,0.6134536687983214,0.6259626730726556,1.1617894615898496,0.01755614847529273,-0.40337875070004914,0.04099235047102443,-1.0520524456381173,-0.8991997473428935,-0.21248557570963314,-0.15470024933345514,-0.3437514115442522,-0.46668916734745447,1.6314055883680298,2
-0.9938682627025204,-1.8915987540900083,0.3232123508351781,-0.49838028313974164,-0.3860246926793733,-0.5281527751166404,-0.3579812209931837,0.7813634277287688,1.217441390436249,1.110615819098792,-0.6257737799412638,0.09308137765916547,-0.7058518302536603,2.840506539226361,-1.2530802313589777,1
0.49883253583516574,-0.8826374960477964,0.5343348551879599,-0.7615033252652796,-0.44785328269549257,-0.009158618814409752,-1.685774509802413,1.5104719013347407,-1.7659814537593679,-1.435323677354889,1.2568967596577456,-2.1703948465696485,-1.7136328118031996,0.34851835724406377,-0.07739034130214735,2
0.9866671991665436,0.5986306212657219,0.6189677707314247,1.7540190204342259,2.112383309718006,-0.056571271869099576,-0.6195052776051455,0.06280891282919643,-1.049166315232759,-1.04252728399708,-1.12786462504029,-1.0993176243472687,-0.8210865830224447,-0.7529369363295225,1.8302640603537648,2
0.42813173048976266,0.3996853396282602,0.13512873649725782,1.2137812630148699,0.7782114615017948,1.23902496953518,1.2315393341629766,-0.36378221840405467,0.05050046556352056,-1.5555191753947526,-0.7017371784962507,-1.2216304143397374,0.34985588169701015,-0.2611567388509754,0.689914132168795,1
0.1686930830831969,0.623643850406124,0.41710216167510367,-0.5110590103477907,-0.2130895701486656,-0.36831450409261235,0.3105693173977104,-1.0160317907897103,-1.8071945692934848,-1.0133134114433457,-0.672936656248082,-0.44987614443810137,-0.13943509055537026,-0.9706593838853153,1.522591122142778,2
0.7645190258219661,1.1185660574603946,-1.8573654132247999,-1.2656393556858014,-1.2690742682211182,-0.9696309398076483,-1.534705457244103,-1.9016015285836916,-0.3892082386007511,0.38325172479598174,1.8225218948737558,-0.11219518730568796,0.9030964430199667,-0.8743582333167463,0.8234373556639034,0
0.7346750303975919,1.11161811865507,-1.8094792321539959,-1.2260122233881994,-1.2714469155134578,-0.9462768732445901,-1.520403497130337,-1.9003616924634588,-0.36798486321407664,0.36432258978375187,1.7787989855204496,-0.11792222025091618,0.8975975402755996,-0.8610798196985658,0.7397548955580293,0
-0.10866064179651282,-1.1874234062870526,0.5712798670412839,0.7775375010580499,-0.6754936223524427,-0.30114525332827874,0.02619758234711548,-0.37029485572642573,0.28886186850642637,-1.4951073010060227,-1.030950228701833,-0.0866540153581374,-2.2375518759147757,0.2401142591808921,-0.6213007224268238,2
-0.6579958234688,-0.9386286030250739,-0.6854175530954751,-0.733297427718258,-0.5322227273151848,-0.724528601268242,-0.13108041078861005,-0.10310839117343236,-0.17790593548052386,0.6786740307498446,-1.1512770444315192,-0.5861593239504758,-1.6441122468812717,1.3254613132832462,-1.1532473886452939,1
0.9630944488723352,0.9981067953142736,0.5276996727596266,0.3699618135987815,0.7037035865492028,-0.2455451689670653,-0.30433576289414543,-0.08063280020867578,-0.8654713400213434,-0.4432279014196713,0.4593042290266651,-0.7283724541162852,-0.42720158469929426,-0.5978624795821271,1.1110720705864727,2
-0.25565567467130007,0.9995404368390678,1.3488034592485396,1.3464010214456028,1.9659260323840464,1.9607245225695422,1.860604644285784,1.347228041662153,0.04012367464736696,0.877684842028669,-1.9849860217564936,0.388331684768521,0.9552620602412215,-0.726423644875518,-0.513690247147086,1
0.6410815315839318,0.17330903129510503,-0.754359174074195,-0.09940388435332985,-1.3796022920674416,-0.8384599514640996,-0.9282297646844243,-0.6664670683855517,-0.4082287752809906,-0.65630043993404,0.3424117920962941,-0.24679145463183264,1.0301388525732826,-0.3964659504093434,0.87984733794271,0
-0.40052341575735295,-1.2896261537346525,-1.446790946289572,-0.9253698941313834,-0.8318711031325721,-1.192061514159308,-0.2998991136830743,0.6270320793853463,1.306140707955061,0.3476798524151282,-0.2352744807647729,2.1634120132405283,-0.5306378076808735,0.4806494566905389,-0.9840388075018539,1
-0.7330346105696092,-1.1204060499531714,1.0882306255804435,1.6987106654220914,1.2334458925672458,2.009905640277931,1.665104976287501,0.9444079826003301,1.5258655616961627,1.1797804247582127,-0.8574781198682043,0.8213136088329114,0.9267200161444608,0.40763994968172923,-0.6890855785116982,1
-0.12803954876784532,-0.3466409812472717,0.3110633352597656,1.196188959232895,0.802967358225891,2.0296735439614233,1.354450682346655,0.7750778732345739,0.6871545362629069,-0.06220705090931197,-0.2917203346968357,-0.3302966593868275,0.7759481112683438,0.2553517830050325,-0.1834470071289322,1
0.7823380464651664,0.867553051582477,0.4809307918386809,0.511125403482637,1.3169771273584008,-0.5164562193104999,-0.3300038624022047,0.35693993652899075,-0.528651329717514,-0.8688044392541002,-0.638663178227815,-1.198876944290466,-1.0162357403540405,-0.7405292383584372,0.9531604451358883,2
0.748577315184146,1.1122958466631667,-1.839006113902153,-1.2483763136586143,-1.2728142611661022,-0.96521503676589,-1.5321248842372601,-1.8987467766634385,-0.3587575775518389,0.3870272003758877,1.7981377321113496,-0.1272233796739961,0.9007185207827385,-0.8718331579401739,0.7758029171456527,0
0.7338883855942273,1.1224037500343524,-1.8139194472154023,-1.233087974866728,-1.2644682755895993,-0.9433127361239435,-1.5103801494045392,-1.893502783717479,-0.3782088532478081,0.37354795924511974,1.8123659055689003,-0.09779864406344779,0.892420873337654,-0.8609056765691471,0.7428356853974077,0
0.07059501890871321,0.23279965236359515,0.3557927632050545,-0.19793932083192634,0.01931983359079453,-0.3487612495812371,0.33164455551917593,-0.9901366661759461,-0.7995479297091426,-0.5670395731721685,-0.10985133711448451,-0.12088391659729374,0.28566065571079424,-0.5041734759548402,0.8303062470965685,2
-1.5065836661187988,-1.6900103909490787,0.42891725830333755,-0.49051518313305514,-0.5448380532586822,-0.43911849398461855,0.2503184488683874,0.8500156898501279,0.6195006844345482,1.753847724406629,-1.1412929137704841,-1.3981517621999906,-0.5741510502944386,2.2850770279452606,-1.4926865595064303,1
0.7228359995131427,0.2787081480977575,-0.498284734635961,-0.48775998395750997,-0.13927831781409225,0.19610249987955114,0.4310989454979453,0.3364380863193636,0.11519105427271022,0.3276907735328799,-0.5998156585838983,0.5265010550757636,0.60484061519702,-0.10529863802119632,-0.024847321812178122,2
-1.062147967882327,-1.715498253391574,0.3598952668351863,-0.5901499264208829,-0.5007354780838279,-0.4295245863847858,0.022352416853803143,1.3463493707703784,0.8731022098084193,0.9190531271720165,0.28889392484287496,0.4181300346013897,-0.006562038305289952,2.57755041380405,-1.2587603837639485,1
-1.204498551972839,-1.617485664707833,0.7149462007131366,0.8230308822000356,0.844242583373499,1.6451858354854438,1.4400174487157356,0.623636978698864,2.073717344331073,0.63768169374815,0.32917627178361525,0.9375012256430338,1.0496990638592878,1.729560445099452,-1.1497874797058207,1
0.45366880572500323,0.67056468070434,0.27490815113844236,-0.3637905420279346,-0.40306844534700637,-0.39220902249861983,0.13989189442191052,-1.146113086776519,-1.3477032767637973,-1.0263827754805426,-0.1885268226365883,-0.5637365570744519,0.17988648824886969,-0.6247675930773234,1.5213856027534736,2
0.6655561310523017,0.8108727070552274,0.635072085369104,1.0913120590611887,1.6420273377667427,-0.5413248919749006,-0.9122382553864384,0.1516229732673786,-0.9482765628416115,-0.2244047147756293,-0.4750946985716087,-1.533849236218344,-0.050103284206105714,-0.9460181310725613,1.0533977400924848,2
0.2537136959809703,0.4353105828579661,0.6680344860318994,1.4209953184549808,1.3683868129360348,1.7229669916228718,1.5509071657460378,0.49601864234827425,0.9833339705690538,-0.9508346646347985,-0.3257109696665717,0.6133312217100594,0.6289164649823997,-0.10438438659174826,-0.09125300127713311,1
0.49453242366055844,0.7509314459302462,-0.4841710406227102,0.06415532811198262,-0.24618253712426263,-0.5373187647527661,0.5568211854732038,-0.9377113634247899,-1.0465159766044285,-1.4548770752266453,-0.8519589015080837,0.500613637967227,-0.635972785540062,-0.7586401238179874,1.424961937653465,2
0.0928980744939336,0.3458602995678319,0.5318555945773799,-0.07669399180347422,0.10821661284799824,-0.2875471904784946,0.4364028608753852,-0.8209703886635418,-1.0195696467620676,-1.3540515753184388,-0.9194729651130757,-0.08123198444545668,-0.1563213556288893,-0.7323445112757562,1.1366902844314914,2
-0.006176620639264641,0.6833897379597769,0.759941488383131,-0.6377156060885726,-0.573564725707885,-0.13946351697519282,0.6291493218630779,-0.5233204332917644,-1.1223750242734154,-0.854952214233293,-0.16969703322074536,0.05784352165423209,0.4008972942228279,-0.6023031293823047,0.8159053797869997,2
-0.4735535194474867,-0.24113910840931999,0.46581200283488466,1.3818867037279483,1.4964900175847196,1.616527492412194,1.2290343925749236,0.7488497429858083,1.3060263432477492,0.23602907621980102,-0.7477153203088203,-0.19371355741838575,1.315334814664506,0.01943137842498228,-0.4810731591070862,1
1.0822666156349778,1.868681867938269,1.760449125195223,0.07151703862345613,-1.0285081884961846,-1.195363515847306,-0.5490557089937589,0.45149172399552173,-2.086488220546802,2.5914808378047516,-1.0270032512663243,-1.1273928984419503,-0.6426149389866829,-1.4904330894179252,0.45500663047293693,2
-0.2455959822082015,0.3880189937750824,0.5252222849806988,-0.43282513505487047,-0.7593553025362851,-0.607655725899436,-0.03370403374019899,0.27712822084752026,-0.5297674758863433,-0.03811273944934892,-0.06674284989556299,1.7065331079021797,0.6388874455570853,-0.1964625662719106,-0.2738720181541869,0
-1.4032125819439365,-1.3124269530700876,0.3167806611034279,-0.6634006917478151,-0.3909373964720665,-0.559623150522823,0.4159150475617542,1.2781375760749505,1.3866125034553234,1.1397773160988423,0.5756259642585595,1.7412939006981134,0.3023332660741802,1.3356922221365966,-1.4556098952481005,1
-1.135514961916242,-0.9195126971731853,0.03566182374837198,-1.5018462250625233,-0.6327358223871888,-0.45330565065786577,0.01943737477412577,-0.011395431593275987,0.042119361571775836,0.9611476539606061,-1.317390997031149,-0.8519382694860671,0.12258723675061566,1.514276001355524,-1.1902850613269371,1
0.013262813836208533,0.4673233453017538,0.5468342853689692,-0.618073330391698,-0.27834527739633835,-0.1266828365952547,0.32512892519739756,-0.6459805189848353,-0.8246544653271589,-0.8966735225507806,-0.3188384560954487,0.3469803310256889,0.8082578138046882,-0.39829445326824114,0.7266680021066978,2
0.7586036058259797,1.12784043908738,-1.8465744347012083,-1.2683420898039375,-1.2608388072828953,-0.9652657164509928,-1.5247922586518439,-1.899979998967683,-0.3948672412494175,0.3826823325796267,1.8469187683967325,-0.10395247515489206,0.8885658484133354,-0.875185413181485,0.8117307770353132,0
0.5076859332245449,0.6713657303868231,-0.9101045045621661,-0.18666075832814688,-1.0659155944052832,-0.8584422742562884,-0.8794196226739648,-0.5026418288498549,-0.09698428051332368,-0.18339098824610642,0.7873510039686645,0.5781897639363923,0.8198482141094804,-0.2407384569266281,0.4869842761673235,0
0.4243196678564447,-0.8646178469994648,0.022772840248440916,-0.16150271325588464,-0.5545281087184405,-0.044247497443958464,0.06265098751554707,-0.6593513655149567,0.27434448285840857,0.11634347210851595,-1.6090264585362921,-0.088252944730852,-2.177223366461023,0.11516656382294062,-0.20401397440846672,2
-0.1321055290679159,0.13557469157682828,1.1038359953226258,1.6668764743180093,1.1971044816298402,1.8585117485358686,1.237248614885381,0.8742136965624655,0.07470614315695004,-0.11564440378647235,-1.5820201002216134,0.10474120430436604,0.47244786175250814,-0.24300231760907265,-0.12827418627789222,1
1.0822666156349778,1.868681867938269,1.760449125195223,0.07151703862345613,-1.0285081884961846,-1.195363515847306,-0.5490557089937589,0.45149172399552173,-2.086488220546802,2.5914808378047516,-1.0270032512663243,-1.1273928984419503,-0.6426149389866829,-1.4904330894179252,0.45500663047293693,2
0.3080762238424491,-0.3141103254991707,0.19075287703043073,-0.7679813566984515,0.09490106712212233,-0.6850049543963846,-1.2227987103088536,1.1400439197988148,-2.38384540955648,0.1385081837215708,1.2638931745165913,-0.3537282908035206,-0.7179931881635682,0.3091184742130726,-0.7104323122848055,2
0.8349333626811681,1.038947448536442,0.7177022112176593,1.2054596445277728,1.7148708329829712,-0.12881388120099746,-0.9183519419126056,-0.05581102161652086,-0.6593867232631712,-0.9635077999311761,-0.3988498311023684,-0.8016589914696035,-0.7752122955737316,-1.0872482090311655,1.4066719939002246,2
-0.2832717473422358,0.1025823552712526,0.7942664824543831,-0.20493267943484492,0.23901263639816733,-0.30084741979624235,0.5420199422010579,-0.29940956582544953,-1.1527762162400526,-1.5888420551487596,-1.2226985790540303,-1.0152932792945186,-0.21151121472859963,-0.4440940963053717,0.6105361925367623,2
-0.4043242026166133,0.3921299567884213,1.0145883705649719,1.2934315090092474,1.2713549265729913,2.1879135972635506,1.5295422629592672,0.524621285163295,0.4649799377675546,-0.14791252177939657,-0.704681265471617,1.91314776219675,1.1169729542741307,-0.12284355831013569,-1.4706010020212752,1
0.7257281291837157,0.6751849499656717,-0.990203780224536,-1.1478026323112485,-1.8497143621685628,-0.6656635225636648,-0.8496955177827701,-0.00017051397375907116,-0.7600162747906416,0.30060937079437533,0.8415244487379909,0.5614286778425203,1.5639729095424757,-0.5554586275686623,1.2110929769264946,0
0.2759457992898089,-2.301002719807424,-3.0148007789156686,-3.3665047303544333,-1.9593569898538605,-0.9095477081532368,-0.18839907065591557,1.0271143111622594,1.9246260442437202,2.107079409123334,1.176784591754843,2.3071741261374807,1.980364083827813,1.320454698312456,-0.48914431792099194,1
-0.030771636864552844,0.5380394137854455,0.4133026223797354,-0.4681741876476231,-0.16020182384199422,-0.16296304935294895,0.4588259922310309,-0.5025482179158692,-0.42497715144871173,-0.5851607470270561,-0.7831309345987221,-0.5730210751984652,0.4421828140489628,-0.20830429907238526,1.0440617127421075,2
-0.4043242026166133,0.3921299567884213,1.0145883705649719,1.2934315090092474,1.2713549265729913,2.1879135972635506,1.5295422629592672,0.524621285163295,0.4649799377675546,-0.14791252177939657,-0.704681265471617,1.91314776219675,1.1169729542741307,-0.12284355831013569,-1.4706010020212752,1
-0.5214084364244957,0.24977243822224782,1.025488857717117,0.9834896445611842,1.4262005795967954,1.9101634844599094,1.9213215427022732,1.172515387536813,0.4847552034069761,0.6631915952950659,-0.18406683432400336,-0.04865252858227527,0.4287559449660823,-0.4282906073106207,-0.7810913906568367,1
0.47785300082377435,-0.4897455737133412,0.6423398990578876,0.8800077858675723,-0.04001353752073046,0.3493002400295146,-0.10375798896594784,0.6287092668066703,1.2039147533425834,-0.09734942668951435,0.855664677473757,1.1055886949033067,-0.7238000516379608,-0.2930249315346076,-0.09024227717085885,2
0.9225512331203825,0.7277911331495279,0.5701142461006952,0.612721890163978,1.1868325672016777,-0.1228882362559482,-0.8587979025705417,0.26368156981107366,-0.8982621815709012,-1.8316236455151307,-0.14516892968323075,-0.44516521632539113,-1.4485840551565887,-0.8016970125667741,1.5761393373253125,2
0.1486429484297502,-1.1218326558645935,0.4151858257042884,-0.26957726234516255,-1.154791792239736,-0.16643542943755618,-0.06102489157922065,0.3228398644268972,0.13049620251050797,-0.3237538467760359,-0.10675426296684734,-0.4638451692956693,-1.1980117722853583,0.8108248300684872,-0.38295799453269774,2
-0.4043242026166133,0.3921299567884213,1.0145883705649719,1.2934315090092474,1.2713549265729913,2.1879135972635506,1.5295422629592672,0.524621285163295,0.4649799377675546,-0.14791252177939657,-0.704681265471617,1.91314776219675,1.1169729542741307,-0.12284355831013569,-1.4706010020212752,1
-1.2499771527548016,-1.8099214164532151,0.19673028803453757,-0.8741774845127845,-0.22645804356347918,-0.6071870538439472,-0.21881996749666352,0.404958530000529,0.44971840043123607,1.1171580716880574,-0.48191293375975564,1.1593854280033062,-0.584072416964238,2.572761477745035,-1.2834015643062353,1
0.912116036106117,0.7379047371715485,0.704937289808913,1.491004235113296,1.0500468657772344,-0.17032734660409293,-0.5936241039449196,-0.28339433759900434,-0.7138458364853905,-0.6839539219083477,-0.48425904243152945,-0.6845603488269909,-0.5888718221077508,-0.552367587021479,1.2884819884266183,2
0.7427164656795894,1.1207235012408547,-1.8260989656692987,-1.2462902251674137,-1.2702789656185784,-0.951935118761627,-1.5101625322522736,-1.8866284851304504,-0.3890840777133308,0.3827156004394588,1.8218801274274414,-0.09199022417267118,0.8902421987321351,-0.8608621407867924,0.7712979103746695,0
0.5027290603986897,1.0506355867510389,0.6718021290967164,0.6968927173004801,1.5693299861692225,0.0732335604390416,-0.09771088345761962,-0.08333428966228176,-0.49595454451517607,-0.22560939516146802,-0.2100327424536105,-0.765160718166359,0.1432361253292431,-0.8841973201289045,0.12960354917683667,2
-0.40602269586547446,-0.05199818852612962,0.7199880499370453,0.9225843972634272,0.7257099942212902,1.544713918494907,1.521350794376517,-0.06726513339777962,1.0105890102666246,-1.3134713972442904,-0.7475687457725124,0.5410492274666728,-0.3696115515920154,0.011943223859976128,-0.7802851528176233,1
0.2989601860177075,-0.9203034640361251,0.33344881945566424,-1.1468096494812725,-0.5175927777321292,0.01852274350698446,-1.2206478604260944,1.207411920797949,-1.5027307560696208,-1.4184131550401688,1.1437553941341994,-0.06456240654280641,-1.17885375231954,0.5008500597031152,-0.23667109466773378,2
0.9694895147666818,0.7908302289622863,0.2052486807238373,0.7844611664391177,1.2472600616995388,-0.10153144885222044,-0.6791227699977676,0.11904886114026526,-0.6143783202096484,-0.7985248058259776,0.17471968978605734,-0.6721275167818759,-0.4240605021691189,-0.7090964034983537,1.3074465612527244,2
0.445005394490974,-0.3051844773346109,0.09809550213439033,-0.9140923537948578,0.10548678829449112,-0.2358932853850528,-1.4780403191122964,1.3771065150190345,-1.5569583084231644,-0.6270573513751964,1.8197808594357183,-2.178087372354499,-1.9479298104136489,0.38230212435130095,-0.3497238054424838,2
0.35447901259623527,-0.42710588425969936,0.19917346628900304,-0.6974877072655391,0.04988539056740614,-0.3010816243591746,-1.0861772172937,1.4166404220236999,-1.3060040949508795,-0.7132304915825345,1.2373051490894436,-1.1426013020534516,-1.5110677805698403,-0.050704766948417544,-0.14792314420105548,2
0.828025355442423,0.27040684592021663,0.7662753443373447,1.4354757734191739,1.331724866441091,0.16060421353185292,-0.25379123750177135,0.24273289273706503,-0.4964977280567347,-0.0010575683565638891,-0.4535974816176797,-1.2324434680041958,-0.5466473907178442,-0.42245681247509165,0.9675523694232809,2
0.38764851036581477,1.0917448560837415,0.48915212394818,1.0296896220484402,1.2458239467282455,1.3481332701658997,1.396933721091888,-0.12069624493420478,0.08883054250992144,-1.2947637707321087,-0.59794637520055,1.5139134070495996,0.5193040557110744,-0.7556361548355136,0.3618203394005866,1
0.8643022863419413,0.988723632280537,-1.6664403707850328,-1.005881257185042,-1.6481593888636206,-0.7656739980633838,-1.0530373721316302,-1.596386003665359,-0.307491823772265,-0.2521605593955738,0.9229391833209711,-0.8431363869422673,0.5087014642925053,-0.7632549167475837,0.7396571727157077,0
-1.102215260868864,-1.0787236487311682,0.9954635079518929,1.3091439542871692,1.2246076597344855,2.063302308654286,1.5666410348056437,1.4757983096354625,0.41227469878467665,0.7948408975918116,0.010775383857849924,0.24271084111552457,1.4412326346378612,0.3911834239516561,-1.208634159106861,1
