mfcc_1,mfcc_2,mfcc_3,mfcc_4,mfcc_5,mfcc_6,mfcc_7,mfcc_8,mfcc_9,mfcc_10,mfcc_11,mfcc_12,mfcc_13,zcr,rmse,label
0.641466577297997,0.5907244982282817,-1.269274195711121,-0.9160086643468218,-1.436381090630361,-0.7563712539510664,-0.7499637017841904,-0.8543974141060711,-0.48156854097602936,0.8873988004922216,0.9074262814036416,1.0318529227064919,1.815144167296937,-0.6158641469504541,1.2569206278616494,0
-0.24427358584888817,0.29469487605805694,1.0936141050124912,1.4445532595585184,0.9487782071776582,2.362536126589072,1.6424966567490655,0.5675561704667078,0.49576785004750606,-0.24949424204041776,-0.8184662594255122,1.9030510042231306,1.1932835807986397,-0.006055771000584622,-1.4211372946848295,1
0.6768967306255254,0.8898207934275517,1.2247287771334134,0.5766435806437754,1.2384821773166403,0.5041489743439499,-0.5807141103770247,-0.4865345019969937,-1.2753211353908411,-0.967996232168709,0.8930045471448097,0.29782580396994096,-1.1127363411175628,-0.40562019990452525,0.8595741385429735,2
0.1700697833720136,0.5907765402788576,0.48968157198932755,-0.25216598895769715,-0.5046799792848291,-0.17108974733234433,0.3938478541540071,-0.8533225227517144,-0.4753573457590298,-0.804397471301855,-0.2235127080556473,-0.6906770134617687,-0.1877192523326435,-0.3240613866210146,0.5378583084371195,2
-0.04418035379385128,0.5333070432884109,1.2613267776764756,1.1826745178670328,0.7248228079604355,1.951958864178899,1.6223595206312438,1.4572408545689095,-0.1358325724404149,0.5800001512340409,-0.8632385658440289,1.0418320624577222,0.6752762345428277,-0.15706185556643815,-0.14087605986153523,1
-0.7836263985206638,-1.5294023838094397,0.11711981559356165,-0.7066198415170794,-0.19778506740882434,-0.47032263830347293,0.4899927463780291,0.3973083168009458,0.30214706024726484,0.15023122513548512,-0.2400058331049376,0.8324898151186663,-0.06889196678637878,1.797166501558035,-1.348368726556887,1
-0.6083986211330399,-1.3071673739008882,-0.8718902238444244,-1.5100668677031253,-0.7136936588168874,-0.30207031554835706,0.45369762556827214,1.0518893783720478,1.5881710422824735,1.0595413236709519,0.7749293847990185,1.6384982788172056,0.2952065404405198,0.697461779278842,-1.0765767753503683,1
-0.981072409546237,-1.86410166126218,-0.037406937280693775,-0.5316825017626075,-0.11421440584102538,-0.38081755877183815,0.4193300782543007,0.9989426012090756,1.8837329293744471,2.1874352079277233,0.06894977589689284,0.28243713119550684,0.09072441005117426,3.0379008138700696,-1.4642958089624112,1
0.572538162945518,0.6506421929028223,0.913792715506382,1.077225700815486,1.2921406514937617,0.18424536336615088,-0.7097052264841571,-0.006320903242742986,-0.8587416943800465,-1.5306076108964688,-0.24035566988321552,-0.9264531336242151,-1.1743665431936066,-0.4599280436854063,0.9645546543540136,2
0.781449693303539,1.3880050637576165,1.392751050664134,0.354059068040388,-0.21029613216696283,-0.7240998620302539,-0.5331444931093134,-0.018523140737676157,-2.1017127255227948,1.4055418243897226,-1.2123862974418453,-0.6383287385671388,-0.8886932299373664,-1.088059008816532,0.7644179575287458,2
0.5260105999626165,0.9336062457475722,-1.8143613533441991,-1.2927352183153558,-1.1918874685480716,-1.0272344612927728,-1.4643665227400458,-2.0513048968374084,-0.38188210972162673,0.3518276042981733,1.5268274300167086,-0.021153619554222652,0.9278309851331074,-0.676150123642169,0.4291539555208493,0
0.7480529410983194,0.2794005424507629,-1.1699341506981464,-0.45322303268136904,-1.6440165055523566,-0.4056527636761361,-1.1501373833025448,-0.012242381484790815,-1.2662147597819722,-0.975433988018072,1.1266758978201117,-1.262201083111795,0.6665369220035834,-0.33178637655124676,1.1146336490561124,0
0.5049187777303514,0.36769781449182654,0.9041832366264914,1.4191399693442674,1.1839550220036552,0.33217517087473886,-0.4926801743748966,-0.08047282457844182,-0.302119187698915,-0.9704698509181431,-0.339543960713915,-1.4813792772105014,-1.3760747270270044,-0.3719640879974314,0.6849058215448295,2
-5.281929176079923,-2.872653817155314,0.4522453357691031,-0.6635680797811362,0.09061182171317288,0.6031187396749507,1.3359672774872602,1.2469009605810422,2.0907522548894595,1.7507000489916644,1.8443433707022192,2.3339734936889123,2.402018481585192,-2.013349762469921,-1.991494392701711,2
0.20680574110915564,0.43091795807088606,0.8236831922936815,0.5452379895735913,1.1364820377371703,0.05557482013487601,-0.2869313554803736,0.5680584225301574,-0.33986404035801293,-0.05831376299502922,0.7047781204167097,-1.1381533114322646,-1.5228806760217253,-0.7980419245513662,0.18182518864812244,2
-0.6999222117503261,-1.395584406124191,-0.41379695909392505,0.17970664340480644,-0.0117646928682869,-0.9064833252741917,0.08367834594149982,1.1856184603418152,1.3712063808807962,0.08969089099374072,-0.48960119707910804,0.4603425385033473,-0.6335506484088648,1.3552893137397548,-1.2160282598465977,1
0.12782493918398521,-1.3835332442564925,-1.483271780936995,-1.6993948427709709,-1.3747862728492943,-1.2130742152604088,0.14079038457622983,1.1224320700315866,1.2129259024595835,-0.10152729830429881,-1.495540062551731,-0.05470731010331624,-0.9066572956631457,0.5692424740549298,-0.5519581837597797,1
-0.682127393178797,-1.157280873640117,-0.733208876690955,-0.9350386111971376,-0.6976487925414956,-0.565532125300176,0.30440639004589565,0.8040385149998848,1.3497564481455493,1.1371202943048118,-0.43727934497334686,0.2532497464595831,-0.6644731778529936,1.6547394259096768,-1.253534854396926,1
-0.9058880234584324,-1.3499361022572225,-0.09349425312475801,-0.46355875273120917,-0.199645510671538,-0.5141293008390395,0.7697616107915718,1.2991774294822513,1.3468973822700023,1.818907039250672,-0.23062633926400466,-0.6332028184233841,-0.10682566253408228,1.5153790548064852,-1.4316460636648474,1
-0.4638967502856404,-0.16436868672919763,0.8577374000921846,1.0279967403805323,1.2440643570049073,2.0823849185725223,1.8192138568078369,0.8318412227283658,1.589634198503731,-0.23544415514203415,0.8131198289151624,1.3591466153544323,-0.20623415194463798,0.3178503394409278,-1.092387168261031,1
-0.11389363882706408,-1.4676832408610387,-1.2051596444639157,-1.4723699272896218,-0.5257713504347538,-0.7107002874356434,0.269125988264476,0.24282672157992286,0.7200318069475556,0.7858816173837814,-1.9089882615795692,-0.7659318452891155,-0.2258920289449185,1.7356771344751791,-0.9590471716427391,1
0.5260105999626165,0.9336062457475722,-1.8143613533441991,-1.2927352183153558,-1.1918874685480716,-1.0272344612927728,-1.4643665227400458,-2.0513048968374084,-0.38188210972162673,0.3518276042981733,1.5268274300167086,-0.021153619554222652,0.9278309851331074,-0.676150123642169,0.4291539555208493,0
0.5101476035908898,0.9249961423434866,-1.7808507138900596,-1.2526753773896198,-1.1953105453146329,-1.0113663898769598,-1.4548207033706249,-2.040600601684565,-0.34926719034870013,0.3437143472521558,1.489225438566432,-0.02035467757102121,0.9381660190884666,-0.6659018957950265,0.3749041399272789,0
-0.7771353020744431,-1.5936823447086985,0.39344119659824506,-0.7880962632180957,-0.3539356901314132,-0.3626310155267287,-0.06604571957569962,1.3130795617658007,0.7274817635137906,1.3131169163589909,0.538578020855569,0.5717731925022597,0.34044841043809426,2.124527506993471,-1.3104217114359218,1
0.46783903597942555,0.522917990277452,0.9412983140743774,1.3731733078525887,1.369440494366937,0.15615387518620757,-0.6730168435297672,0.039957566189891484,-0.6211340924860999,-0.41557024299979045,-0.5251298211398749,-0.9156888093653324,-1.140953500308553,-0.5294917721023757,0.715922173346158,2
0.5647143426236783,0.6323351322945191,-1.0787805969999138,-0.7386804455197739,-1.8373408504561723,-0.8406759140196061,-0.820331423299444,-0.7400618955105029,0.13817829470997542,-0.5795137557282675,0.1937472453464455,-1.4837094046137251,1.8226179544883359,-0.5451358471872193,0.9701801084535038,0
0.12314081189340952,0.3318643240338551,0.6251123163548498,0.4749975762761662,-0.4091422306430883,-0.46603866971991126,0.538898005123135,-1.0689354730701714,-0.9043917805866141,-1.9212146086130202,-0.903240254811013,-1.1084486888328926,-0.7759171594797576,-0.5508034277390469,0.7939541751628987,2
0.5174745354360377,0.9358337407110844,-1.7932185069147275,-1.2781452568811202,-1.19207444657581,-1.009339923417611,-1.438503420326094,-2.0385813792514744,-0.37843902530202816,0.34948314678541137,1.5433644653201861,-0.007621413663581378,0.9115230722274887,-0.665940714839902,0.4032453387300206,0
0.8024475778158882,0.9734676005223556,0.6235592858905508,0.632225913330135,0.9690992597587592,-0.1294634574213887,-0.7417242255603447,0.1056436627134815,-1.5625997401721172,-2.0638124766655266,-0.5782914090360219,-0.23999010965290143,-0.6040972433767917,-0.8605405868009873,1.5964316155830403,2
0.18166576397070366,0.5770017393495007,0.11310523656220496,-0.07000454224871622,0.05161789279967695,-0.7944457762737663,0.28980706150454216,-0.657193394006832,-0.7710668509364724,-1.1050010565389825,-0.7832434768738228,0.3863451111297282,-0.656359875679358,-0.51081981151724,0.7476645069564379,2
-0.034614409384219384,0.23270200461681106,0.8055292035723083,1.7295498474909452,1.16495600987043,2.070406629660878,1.7188262489894133,0.686105669541928,0.8793793188489526,-1.250607053580163,-0.9234066660322199,0.5866296814646778,0.5294484457608363,-0.24102744963223255,-0.2982534301088532,1
-0.08177675300431692,0.3701715889398009,0.5368338191103533,-0.3416710753312011,-0.15769499912362314,-0.22310678511876453,0.6119111092637595,-0.40713161386629715,-0.8652188997612563,-0.6005636573856888,-0.5648267312854434,-0.3517942322943396,0.41391024821243944,-0.3948285054291252,0.3796527397788748,2
0.04218206014179165,-0.4824719129181411,0.13421628448496079,-0.7394176832022383,0.1670074956627024,0.07297428259342564,-1.131894339030176,0.8941129827064738,-0.18060520965780844,-0.12102482675063911,0.9622418363766764,-1.2100606109237584,-1.6417653035276767,0.37064424047166344,-0.8447563155261146,2
0.6419422246335434,0.8464043954052115,0.754686029504221,1.0025902090729317,1.2343236100563522,-0.007557848746369182,-0.7446601751466505,-0.9567563269764081,-1.3856406165529207,-0.5890861726143769,0.6644304203470305,0.024124861524488967,-0.2819117298510414,-0.4693998906350386,0.7134241748073458,2
0.1130854099013478,0.6398983654251337,0.2107107002495825,0.20030461021336898,-0.19762663532727864,-0.17431909526489903,0.7290386663187971,-1.2652679243893947,-0.1619127707209512,-0.5512291348570743,-0.9524200583070116,-1.8031813961826169,-0.8929977387193199,-0.7369795669621411,0.6721210085771714,2
0.12313057688810514,0.22959772803292924,0.9055440669780715,1.5826856311475064,1.3105601862682932,2.064930788023084,1.7774381432309414,0.8992236692810384,0.25341503478432575,1.3515014389499493,-1.9675512783233173,0.6699780145490037,0.6113362749257208,-0.24040634491422422,-0.04570183290885244,1
1.001902383889374,0.22772500753614627,-0.3692014409680506,0.46576981331218753,0.6928364898305882,0.02419494784729377,-0.4986808955941179,0.03543161392230392,-0.7142354764008294,-0.5714736498125523,-0.7441867297757467,-0.7220001202265329,-1.2173259691468337,-0.015294703680962037,0.9124779579479418,2
-0.24427358584888817,0.29469487605805694,1.0936141050124912,1.4445532595585184,0.9487782071776582,2.362536126589072,1.6424966567490655,0.5675561704667078,0.49576785004750606,-0.24949424204041776,-0.8184662594255122,1.9030510042231306,1.1932835807986397,-0.006055771000584622,-1.4211372946848295,1
0.6424086184026506,0.7413505350675081,0.6724136486061317,0.9625998788636297,1.2899698401577315,-0.11966363583107169,-0.6765804419152648,-0.2641884305873979,-0.6645086297706678,-0.12176954388477748,0.1968272329967566,-0.6368690776142377,-0.7517780668421621,-0.5368673906287281,0.7636949658898297,2
0.732883120976244,0.20370506255885504,-1.4127171980495095,-0.2778293255861188,-1.7003427746217539,-0.513918800109568,-1.3748165490885702,-0.4618014983640501,0.1142709864948546,0.12012555153864442,1.4850104579857692,0.5564590333846611,1.2835159757713086,-0.28229209433493196,1.600950182178458,0
