mfcc_1,mfcc_2,mfcc_3,mfcc_4,mfcc_5,mfcc_6,mfcc_7,mfcc_8,mfcc_9,mfcc_10,mfcc_11,mfcc_12,mfcc_13,zcr,rmse,label
0.6593730187642302,1.0598508104256457,-1.873506804590681,-1.2306609182766786,-1.230307928356788,-0.9628307700174857,-1.5508596171618532,-1.9987540616394932,-0.3660519741082578,0.3253492637324934,1.7666940516903304,-0.07376307344413942,0.93380279029633,-0.7991972556798077,0.7144788587439755,0
0.7762477371311024,0.5409135683883652,-1.2882477754023396,-1.2000701912243952,-0.958274229091529,-0.05516501965173675,0.09099266911078346,0.7076290284386865,-0.22189209390307796,0.03189592809145155,-0.23221252152892335,0.8108889447834703,0.7371302818468238,-0.3615231262525581,0.0561582353090738,2
-1.2188809287465916,-1.6068288033412765,0.4823217944875373,-0.4340820809072342,-0.5254030410942717,-0.39943979066654356,0.2935537049043548,0.9139571816716056,0.6314811180832255,1.641422579228865,-1.1642469408814173,-1.407854621310443,-0.6227037025990827,2.1295670824174624,-1.4372078984446996,1
0.6340407776785705,1.0634946124509292,-1.828739265338368,-1.1972085476684546,-1.2258248789737616,-0.9348814944352383,-1.5257249835645004,-1.9901811740043618,-0.3551744547042355,0.31603151663199824,1.7566507098165722,-0.058827649470322096,0.9225544425407379,-0.7867268724623776,0.6395996411927192,0
-0.30728710436740814,0.37011621499979275,1.085808306939516,1.3992424782737407,1.24231207898105,2.3904027367383254,1.6153384925109342,0.5695124912210484,0.47867235956977583,-0.18468512368887174,-0.732478068514239,2.0273910115481155,1.1591544527303737,-0.10255079904788783,-1.4166903426892932,1
-0.3448420292720604,-0.32616239755260296,0.7942992383242332,-0.49940759902134674,-0.2449085961313221,-0.05031809769487095,0.5441170412732846,-0.16056485205151874,-0.9446958075037194,-1.1718883781453577,-0.4574860144184365,-0.7453406025680785,0.5586703529089438,0.4320613902119346,0.28750490295630854,2
0.82359944214285,0.9454774741269737,0.5841090493883404,0.4502120617749879,0.6898125000078571,-0.19386974981921282,-0.27955437158236873,-0.07117632541833466,-0.8370383938845444,-0.46825277667388976,0.41859682004956206,-0.7130046308092814,-0.4678699334700038,-0.5428885054730336,0.9816924577025254,2
0.061063610817793205,0.3122792594283017,0.6346512140825663,1.725265927116476,1.5901584181472936,1.8900818459433377,1.5432692312044711,0.2078615070394201,1.0298530714905016,-0.05280059720030178,-1.0042635839945828,1.5504044587197057,-0.05313429931681655,-0.3822263838271252,-0.21134454585111287,1
0.6272920587104086,0.6388705087660065,-0.9799671734304012,-1.1095625918033951,-1.795449565171165,-0.6400249579385899,-0.8430587559163408,0.01399664275794168,-0.7327517013565401,0.24599444519937647,0.7965775585472403,0.6250753807308165,1.6301373691664742,-0.5035805661404255,1.0746122096226236,0
0.7418960608231457,0.9365683737217179,-1.6767740554598878,-0.9637129744142364,-1.5992745012908138,-0.7462335873133961,-1.0531659840662864,-1.675669627835603,-0.2852409233629387,-0.28478614582704187,0.8770892633584325,-0.8320643220711138,0.5182472737475611,-0.6962056117611035,0.636646792426738,0
-0.794853545998306,-1.7982323802903724,0.37340147278910024,-0.44216487904586965,-0.37082872994808647,-0.49399197551671725,-0.33498466427895024,0.8412856580236178,1.2227970346810628,1.0237786152219548,-0.6544458030409899,0.13919725168748373,-0.7614706458862828,2.6444445875564986,-1.2146128292272729,1
0.5572873836028768,0.16235071108798232,-0.7369484623031607,-0.032145211053254436,-1.3378857359547998,-0.8235304535646745,-0.924205910712328,-0.6913083874669049,-0.38486177576311725,-0.6728492312699148,0.30300092177629834,-0.21339744844542757,1.067661426873978,-0.35619597225676247,0.7668839183556627,0
0.16661131628827758,0.5899334041540196,0.4701472970448997,-0.4551945407908397,-0.2025095952061699,-0.3242477202046974,0.35580917621821617,-1.0613384521105076,-1.7683279497037256,-1.0156601290274874,-0.7010855617371401,-0.4240838537728098,-0.16466385689862326,-0.8884674423366157,1.3639950140402448,2
-0.08580486667580124,-0.1915063627514789,0.5626800755625012,0.026077129556459782,-0.03097218391414709,-0.12171801750451826,0.2640644007296258,-0.6028732117146688,-0.9145596684784824,-0.996877915581667,-0.5045699052112752,-0.8468258062418429,0.06660779196423962,-0.1617548514102462,0.739856621092163,2
-0.05838630441053495,0.425499840728658,0.5001359921255116,0.020687506683531,0.05714133717727409,-0.20519307927661354,0.4551954506980991,-0.7419796397693472,-0.8925440931743717,-1.2411664820845558,-0.5590613577003859,-1.3307858783066508,-0.15238549015827552,-0.4173371715266832,0.6618316558658734,2
0.4360879145352559,0.7107900880665448,-0.4585415357042173,0.13594115745412763,-0.2347192440378364,-0.5037260277872649,0.6102540744108054,-0.9784327383947824,-1.016077175074238,-1.4396582693716127,-0.878122141649092,0.5619839573773884,-0.6878423694422249,-0.6919277456735716,1.273297179608819,2
-1.3312674393285198,-2.0210545430832982,-0.12726346954994813,-0.4823299234933732,-0.02668746431179774,-0.3985111591201515,0.5664284130039547,1.3175240730831967,1.5922158843014174,1.7913424639424504,-0.42287768324517283,0.18517245571542248,0.3856742534582933,3.1218302285887662,-1.4695895981278062,1
0.49358486763606907,0.34687304296986904,0.8892954747034706,0.9112346865505835,0.7449218586353206,0.024324667975683164,-0.5136200024740128,-0.3611242428869894,-0.4311828796381862,-0.14938568153842569,0.7874204198765071,1.4845294479500037,-0.4962445324584311,-0.33012520345916035,0.5065015087348566,2
-0.30728710436740814,0.37011621499979275,1.085808306939516,1.3992424782737407,1.24231207898105,2.3904027367383254,1.6153384925109342,0.5695124912210484,0.47867235956977583,-0.18468512368887174,-0.732478068514239,2.0273910115481155,1.1591544527303737,-0.10255079904788783,-1.4166903426892932,1
0.8892561412158184,1.1035103868349438,0.023396109404046708,0.5757124069922931,0.9890043769204383,-0.05381636435020376,-0.6075373998630083,0.07652991728407038,-0.5508199834220749,-0.561224861213294,0.09908080636381164,-0.7543608541245584,-0.009793627799694242,-0.7362803384112896,1.1178877279145663,2
0.07970458044658378,0.24596227496281461,0.37668739660800804,-0.23236610057024953,-0.2714604640555694,-0.3501250787059509,0.33859064938503136,-0.9510320796476032,-1.0706889396910269,-1.1226036125278325,-0.49671775845340216,-0.6294826542563742,0.0049052040780561,-0.37520422628721367,0.8899742681020573,2
0.8487259982646508,1.0125823743416806,1.219237779129779,0.5653812937741953,1.5769406204173495,0.5520464510031362,-0.6503311947639072,-0.46421390670414087,-1.2259730363036074,-0.7941103834353285,1.0912850463482893,0.27454963222360335,-0.7985036432733792,-0.5179477390381755,1.2102376954298513,2
0.8048602047190939,0.9657123495691694,0.7408965324294695,0.9746178407840762,1.5721371815963097,0.04585512615179351,-0.8174083044959295,-0.925351383829969,-1.3321538082378508,-0.47272315746089094,0.8477138093366156,-0.024320792563419732,-0.09318860624908927,-0.5842546633949269,1.0419018718294661,2
-1.1371793069218736,-1.0061654113026337,-0.03919146602740288,-0.1876501458397739,-0.222850075086502,-0.6093896803536306,0.541065074264109,0.8990620603586291,0.8154343031263925,0.5653090493894838,-0.6108644634339169,0.09452032365306677,-1.3505816988944757,1.2739131504565093,-1.3970086117135025,1
0.6340407776785705,1.0634946124509292,-1.828739265338368,-1.1972085476684546,-1.2258248789737616,-0.9348814944352383,-1.5257249835645004,-1.9901811740043618,-0.3551744547042355,0.31603151663199824,1.7566507098165722,-0.058827649470322096,0.9225544425407379,-0.7867268724623776,0.6395996411927192,0
0.3605652872022438,-0.5911022884052235,0.11851557161187679,-0.9630996968691437,0.0114687278213559,-0.1303372651598752,-1.4585992547100382,1.5117238016933146,-1.1212790442873122,-1.2910676118708724,0.9022356784195994,-0.9836579925320659,-1.5830534470374162,0.14298257148557383,-0.27156695082079346,2
-0.9292797546986595,-0.935297117154794,0.15248897052550828,-0.6864090437183253,0.20810816553989345,-0.6986849017748266,-0.11049386806077283,0.457602036227304,0.7833577384868451,0.462073989509339,-0.22148427405924653,0.19423517957290473,-0.3138785187942178,1.4547942429500946,-1.1748404276307527,1
-0.2071739510600689,0.09519733692609533,0.8587844959831423,-0.14059493804110848,0.23752509009820907,-0.2525993602181268,0.5949603799225656,-0.30276142407167056,-1.1211601212047964,-1.568294085714712,-1.2447496769873427,-1.0106652635632052,-0.2406070930632424,-0.4003467788582761,0.5166929759204109,2
0.18593013136041048,0.20677668972082627,0.5883480625632471,-0.5107194915627009,-0.18383477655863437,-0.06801368383966551,0.4893147642792219,-0.7598154197373725,-1.1713136380840785,-1.0977068003238126,-0.8130886102693348,-0.5822647814882637,0.015689804860187683,-0.23484178994346394,1.240821583322841,2
0.2587902029059131,0.5171753797246921,0.811111824621428,0.5352077584330085,1.4591232569983998,0.10830731138825658,-0.3509377714071706,0.5700050401354475,-0.3256102407605428,-0.02252800415203568,0.8907087858644807,-1.293481827116672,-1.1466890037398294,-0.9259189492161427,0.42960508520749474,2
-0.261067106530632,-1.0370574638827461,0.8800327430608439,1.1510944547383846,-0.6604623951865775,0.1481906297113688,0.26329952362201847,-0.22669274812410015,0.35724609904514204,-2.157378713574623,-0.012206784089117826,0.35316967602152055,-2.723979884930237,0.30860863208211003,-0.6587124329093241,2
0.7399555138031269,0.1332094758170496,0.591928602653583,0.6677986438046964,1.4255218397432023,0.23528967906002146,-0.8539523389164904,-0.11582615916414381,-0.34292006670210057,0.020806922378456716,0.4378652679791714,-1.2291217404018107,-0.9130696109873304,-0.08079825356505697,0.4614852175158026,2
0.639465916543541,1.050555802589304,-1.8394045423282217,-1.1921726432675008,-1.2342618237247713,-0.9471337346637312,-1.5411314915584244,-1.98825656577909,-0.334660625281095,0.31846769088984045,1.726624934069905,-0.07289066092057936,0.942576549231756,-0.7885429476882179,0.6519938115041966,0
-0.5829009091001759,-0.12546429236805673,0.845767251805208,0.999027662226178,1.583388432113627,2.113271174786158,1.7954306409089067,0.8286917461340759,1.531501579291465,-0.17276799892770184,1.0061589653253988,1.433469287010717,-0.028943357686224074,0.23418990504994247,-1.0380352826689796,1
0.6542644130472345,1.0546711208046864,-1.8682981290010812,-1.2233931369009174,-1.235245303281013,-0.9620799347988889,-1.550930645037533,-1.9968368583426852,-0.3520245217987359,0.3215157243291932,1.758920856716703,-0.08973619797958579,0.934806224300345,-0.798551540043954,0.6970614618689651,0
-0.9809517236989423,-0.48705458800007945,-0.23934876300874755,-0.09865994518559197,-0.6496962940496847,-1.211420820798471,0.2588657065981234,-0.0657162004392574,0.0033318100998092604,0.15158199336320322,-1.2158208463692326,0.10898595678634831,-1.2051489392665966,0.5387255418095582,-1.1355965116436382,1
0.6346913509496301,1.0532539001722852,-1.8241639843558433,-1.1899369464387843,-1.2326172448996056,-0.9380293340919323,-1.5360818174499498,-1.9974416390455827,-0.3450637397497231,0.307173134893579,1.7234561047834098,-0.07970447643996673,0.9280088540303058,-0.7868883013713411,0.6367375772696046,0
-1.1375732578492308,-1.4053395622301001,-0.12225818246771934,-0.43401342539964277,-0.08419840504982906,-0.45525617996303114,0.7259359365830623,1.2869993531054784,1.2978711973039803,1.5697094436604169,-0.10606904084132632,-0.7420961906859249,0.05544786211918293,1.4791700082035812,-1.428794364038744,1
0.6741097569939167,0.8215196565971388,0.5359175162098099,0.5952829191812917,1.286716531060231,-0.48157052511995757,-0.30607647278374167,0.3920142017828466,-0.5039501275694973,-0.8768997633164392,-0.6671922356782295,-1.2011206961796164,-1.0885076343042321,-0.6751391391413688,0.8349920367696615,2
-0.30728710436740814,0.37011621499979275,1.085808306939516,1.3992424782737407,1.24231207898105,2.3904027367383254,1.6153384925109342,0.5695124912210484,0.47867235956977583,-0.18468512368887174,-0.732478068514239,2.0273910115481155,1.1591544527303737,-0.10255079904788783,-1.4166903426892932,1
0.1596740674323702,-1.4416092425702585,-1.5365719201923105,-1.6213670993169866,-1.441568961764096,-1.146667426137901,0.0849526063132492,1.1136685870264151,1.1689257472928098,-0.059181235934611554,-1.4539757554399049,-0.11040235447101611,-0.6235561903409993,0.4955433086618249,-0.4155680861111965,1
-0.1436681466326918,-1.5324530851071807,-1.2535497764532344,-1.4032484753019836,-0.46089677764133613,-0.6497084007322423,0.21573916572274926,0.2510565820027383,0.6945229039146151,0.693508967258794,-1.894550945153099,-0.8870309515475366,-0.04563159255102396,1.708197272795526,-0.884454005083339,1
0.6544808309305081,1.0686566253533405,-1.8623875776750853,-1.233438461382389,-1.2222922885085183,-0.9581950117400783,-1.5406165971747032,-1.9970375992215852,-0.3716482787328442,0.32480252209439653,1.7908203218238512,-0.06521182620410292,0.9184925833383148,-0.7999640429973839,0.7036034085825478,0
0.9221575537815947,1.772068753041522,1.85435723510576,0.1435066327778648,-0.99616304329814,-1.202553132966191,-0.5324163793212202,0.49210154408610524,-2.0445272111574893,2.445734418043932,-1.051224947778595,-1.1269609125324658,-0.6948408954260309,-1.3702923783653769,0.3722054997313503,2
-0.07879336713148562,-0.33133002863687866,0.3608828989925918,1.2993083516052601,0.7864267210830035,2.222355748765926,1.4344214511437696,0.8346321143827962,0.6983854097692082,-0.10238903991494268,-0.32409758643814857,-0.30002835810553047,0.7998325484594736,0.24803243399356123,-0.22092003561197351,1
-0.7551432397358485,-1.0246068192135722,-0.1458474969320964,-0.1780283412940415,-0.8557949865614007,-0.8299612078267411,0.14284055585229266,0.9699007834307896,-0.09207716971757375,0.39437734087764015,-0.5979280120158917,-1.2378934503450147,-1.1886346591898278,0.9966589993117251,-1.1540505173467468,1
-0.3645413351349074,-0.2311583941170059,0.5203388321030165,1.4901460246516802,1.46143785958937,1.7836049514379004,1.304832444034685,0.8068684525788151,1.310400524530037,0.18398317242414833,-0.775034801489278,-0.15833277874085677,1.368159054219124,0.029336619575279624,-0.49741571255304146,1
-1.5003147030191808,-1.737642447091107,0.4762987875875341,-0.7369128538245913,-0.3257349291348556,0.21525635391972792,0.2021977743299693,0.6064567564074314,1.2862588973928304,1.2475866904604629,0.14985341692144635,-0.6126925278196947,-0.018506666480154588,3.0906744491588123,-1.5836953904016824,1
-0.856767183412885,-1.1973592656336112,-0.7732668239423304,-0.886996912966783,-0.6594273594983564,-0.5061049524260302,0.25169335326672604,0.8014261667455824,1.3006230034082022,0.9914256395249079,-0.32628087731631095,0.22587436963802943,-0.4179579236267192,1.6240524539983094,-1.223645513240452,1
-0.23771113021320614,-0.7038201452003711,0.5080356231940297,1.1471748389781093,-0.7860482928651682,-0.05383158209635979,0.031740260997869627,-0.25308741368070725,0.6896542991264789,-1.882817554023468,-0.8259263153364391,0.18122489129444588,-2.495499659045158,0.14080328121456753,-0.8707159169848155,2
0.639465916543541,1.050555802589304,-1.8394045423282217,-1.1921726432675008,-1.2342618237247713,-0.9471337346637312,-1.5411314915584244,-1.98825656577909,-0.334660625281095,0.31846769088984045,1.726624934069905,-0.07289066092057936,0.942576549231756,-0.7885429476882179,0.6519938115041966,0
-0.8806586620292886,-0.6150573251859643,-0.5796358723950658,-1.2273261221498741,-0.3440845185210696,-0.7673302001117102,0.1573944984782227,0.3206557335135655,0.6477639249278745,1.325572408547862,-0.4004996311913754,-0.10419667938006039,-0.8474291476654074,0.9234106318695421,-1.1079476780832025,1
-6.629240563683496,-3.049184290714746,0.43311631621753877,-0.6261762948970255,0.25106930885305834,0.6499494579057494,1.3029550095223161,1.235732828028286,2.0138198561427707,1.5118570461358145,2.1050427157633913,2.4979410444643784,2.185290281808903,-2.1893826624461,-2.073628800879222,2
-0.9119986107697716,-0.8752587249799824,0.07710400973815977,-1.473405758457729,-0.6109546411911687,-0.41450619703509894,0.05499100139422304,0.0021145599098712424,0.06049680019318229,0.8802563346152321,-1.3383917927920852,-0.8411956701556792,0.11141679687205323,1.415042374117837,-1.1562759091305705,1
-0.30728710436740814,0.37011621499979275,1.085808306939516,1.3992424782737407,1.24231207898105,2.3904027367383254,1.6153384925109342,0.5695124912210484,0.47867235956977583,-0.18468512368887174,-0.732478068514239,2.0273910115481155,1.1591544527303737,-0.10255079904788783,-1.4166903426892932,1
0.6544808309305081,1.0686566253533405,-1.8623875776750853,-1.233438461382389,-1.2222922885085183,-0.9581950117400783,-1.5406165971747032,-1.9970375992215852,-0.3716482787328442,0.32480252209439653,1.7908203218238512,-0.06521182620410292,0.9184925833383148,-0.7999640429973839,0.7036034085825478,0
-1.0412657162470322,-1.4778491191407719,-0.7428997538704747,-0.7389000818893724,-0.17698722978207757,-0.08234300680610447,0.2632716665353488,1.3733846050085234,1.6978604241713042,1.9239243419847805,0.3483719936973239,1.428872918865719,-0.40086962255323755,1.8437168418703715,-1.3338298232601653,1
0.5735994856682456,-0.9175539396264902,0.2681842469398334,0.5645815436941104,-0.3233673974123859,-0.3518021022548138,-0.14198114867127437,-0.09304307917192489,0.3864670613853083,-0.44196105659020146,-1.2325357046047256,0.23626466751148453,-2.6857537424807454,-0.10541616218198838,0.2845747126369665,2
0.7079438778517523,0.7346146048905668,-1.1249395353089164,-0.6983419681082077,-1.9758521597645144,-0.7782830681982392,-0.8945247235386737,-0.7128433331077854,0.13449801591438676,-0.4646039417490778,0.34614836629370477,-1.6708151875141066,1.693417630614513,-0.6629916137418674,1.3376338751079286,0
-0.3086917971894521,-0.051573382120176946,0.7822466042350126,1.0181306879609444,0.7112315122012065,1.7073407279338053,1.6068744861020703,-0.05702604566427216,1.0182364427147788,-1.3038777479742671,-0.7748898527172836,0.6039331018799046,-0.40719001296702595,0.02239517648984981,-0.7753846416945707,1
0.037737545915129234,-0.5845125721652259,0.9215023776469665,-0.5647637650966559,0.1947465440507204,-0.17807701019949532,-1.301659969834012,1.5888844083921563,-1.5654374465637706,-1.002260453906834,0.5840947303186703,-0.2807793607242248,-1.0808562066260001,0.503372610746555,-0.6095062021603297,2
-1.2319251207745312,-1.9604052421451894,-0.0651806576675952,-0.4994646485394779,0.014480553298623662,-0.3233813557664299,0.3688118561877048,0.9925648460273361,1.8145669992860969,1.8822908672411596,0.2131627373618416,0.257745820267712,0.22315478229240332,3.062020817817794,-1.46640040665775,1
0.646188858910158,1.0538973875389523,-1.8545890377974699,-1.2129200524458676,-1.2339480933344302,-0.958141191179132,-1.5481931860759237,-1.9957321776509498,-0.3359386863383892,0.328974549860159,1.7425803513331306,-0.08935378996574253,0.9312972850112665,-0.7968565364998367,0.6702263082329635,0
0.6413418021228255,1.0618992543447916,-1.841289269873683,-1.2107762231036634,-1.2314804699469462,-0.9440382496383075,-1.5255001260859116,-1.982904418120521,-0.3659291888417362,0.3248344665496562,1.766059402551452,-0.052801813113149215,0.9202588751529145,-0.7866865152351368,0.6660411420824481,0
0.8572733609822139,1.0008268426493514,0.35589787928699257,1.2019009946333632,1.2908217996253044,-0.17126671976380342,-0.41995208761259567,-0.10674946712334855,-1.019932117485152,-0.5969266806367218,-0.15829215828995613,-1.098092332236086,-0.1377667311298417,-0.8045244096756018,1.34757658276065,2
-0.21596685130292284,-0.12429338105030316,1.259430216084836,1.6014154404667076,0.8695945400081105,2.4402656365914095,1.5005876187923761,0.6402373668839546,1.113211055570962,-0.012690586291554697,-1.6474194039293182,0.0234611359577298,0.056706376827794336,-0.07442181166099904,-0.6068219919376994,1
-0.8790986057999841,-1.4546190333637263,-0.44821576072534974,0.1840163744756949,0.13281720573106462,-0.8433811657510957,0.026749840913526484,1.175634261668638,1.3212682275497107,0.10300786901191397,-0.38203564894633396,0.45201137221991045,-0.39170674533468136,1.3127368030622277,-1.1804453418363992,1
-0.30728710436740814,0.37011621499979275,1.085808306939516,1.3992424782737407,1.24231207898105,2.3904027367383254,1.6153384925109342,0.5695124912210484,0.47867235956977583,-0.18468512368887174,-0.732478068514239,2.0273910115481155,1.1591544527303737,-0.10255079904788783,-1.4166903426892932,1
-0.3041437665749843,-1.226673054453623,-1.4504431636408048,-0.8809731370471486,-0.8047745989947074,-1.199046489569855,-0.27497011089980145,0.6779189475292309,1.3105136221516773,0.2911924501740249,-0.26827781434318476,2.287022968465508,-0.5768558369154599,0.45688108496507013,-0.9646724590005852,1
0.1436065351700505,0.34883769376194573,0.7832387541908018,1.8263586154755618,1.550385642649189,2.3195938658126365,1.5907139591080777,0.5568155565813158,0.45569856032136136,-0.05162540983661712,-0.4129708876442822,0.22226701621332584,1.2690950510484864,-0.1764852393531638,-0.02340946802070291,1
-0.21888013512593218,-1.396296173575412,-2.165842873301935,-2.163187464968824,0.13955579126570697,0.5047777301101323,0.5913673544151165,0.9622108325386688,2.780551841425177,4.032022901146428,1.6673501041602488,2.286809769312336,2.7856223028242115,0.8029846657827835,-1.0847532534418765,1
0.639465916543541,1.050555802589304,-1.8394045423282217,-1.1921726432675008,-1.2342618237247713,-0.9471337346637312,-1.5411314915584244,-1.98825656577909,-0.334660625281095,0.31846769088984045,1.726624934069905,-0.07289066092057936,0.942576549231756,-0.7885429476882179,0.6519938115041966,0
0.804263296045106,0.6896939864532449,-1.3187962556934867,-0.8687135196516975,-1.5127153254960977,-0.6948870968224502,-0.8228131179828044,-0.8249699716221538,-0.46199860212413246,0.7796146935262233,1.1066530134165176,1.0760777337415925,1.687072880569642,-0.7365224817747344,1.6679021848660216,0
0.2345433942770942,0.5644319970724183,0.3050236101519148,0.1400381417642448,0.27952749599298427,-0.2646439270759127,0.18489713834905913,-0.37079656044639986,-0.47265002283947455,-0.9393110380077191,-1.128290586128608,0.14452697489646268,-0.10481486606274587,-0.42670004824656577,0.7399500947373643,2
-6.629240563683496,-3.049184290714746,0.43311631621753877,-0.6261762948970255,0.25106930885305834,0.6499494579057494,1.3029550095223161,1.235732828028286,2.0138198561427707,1.5118570461358145,2.1050427157633913,2.4979410444643784,2.185290281808903,-2.1893826624461,-2.073628800879222,2
-1.0066614644338405,-1.7206816013873658,0.24307198005975422,-0.8283637725348466,-0.2155212370581724,-0.5779244073475933,-0.19119338563809193,0.44284405418947714,0.46357991002062,1.030060615212043,-0.5121806216707954,1.2454144045774622,-0.6331573819654908,2.3962476400251407,-1.242781447553605,1
-0.21697609762687178,0.774721914530317,1.0771606546638977,1.4994406205115658,1.4959033740925372,2.437962730877249,1.6998748081900459,0.744974088744049,0.6505043054044122,-0.5563172918879645,-0.6960995504629962,1.6216002263237304,1.2485523913601377,-0.3954231971348906,-1.0570334234153056,1
0.9799336507619308,1.5503955084397851,1.3902264481380484,0.351528873597479,-0.09650062491479784,-0.6629635462773568,-0.6018530920700988,-0.005244188727323518,-2.021361992414281,1.2190977447397169,-1.152243823665561,-0.7476934893912213,-0.608305889001021,-1.227427793932693,1.1006366138266233,2
0.7177622997471748,0.7543779298854575,0.9028122112150679,1.0463253479845647,1.6389199469035327,0.23559096251144057,-0.7817857855805342,0.006722310305234157,-0.8250218520474406,-1.2713109901535598,-0.11643672824066749,-1.0623137445237893,-0.8508236006622375,-0.574407499948154,1.3311544657070693,2
0.5775284379719019,0.7677029554930265,0.6947475996986406,1.191528563328816,1.6030904946771067,-0.5079804349304966,-0.9076823489336029,0.17467691252319478,-0.9189261893458485,-0.25813443630523575,-0.5054380124660467,-1.5486314225562958,-0.07053911664082232,-0.8656252517182816,0.9281128144283398,2
0.15379577063376473,0.4102423661031108,0.6090352244950821,0.46772290873624406,-0.32618190912862133,-0.40768389993730225,0.49066329352452687,-1.0353633094101402,-0.8689593446935192,-1.6026194267518896,-0.8228142199052326,-1.2610455735360624,-0.5125664787432936,-0.6688837689190332,1.1346564889904602,2
1.0062847274192133,1.102883000355326,0.6074547756269667,0.6187831060791926,1.265784329576725,-0.07473650713804782,-0.8144162840903884,0.11652380128197065,-1.5024741918071682,-1.7235693252506716,-0.4765449660760229,-0.31272372213729516,-0.3667027563110294,-0.9908940850739459,2.058951626676648,2
0.22724105021159902,0.6748796287936182,0.0879887747781157,-0.055898526936859455,0.20602856760628144,-0.7325512279771128,0.23681520648018928,-0.6315757915208466,-0.7406361890803039,-0.9103163255559111,-0.6949442634537113,0.37120915665315907,-0.4110702677419667,-0.6273158248609358,1.0813399555986452,2
-0.04417750265138699,0.303192021549309,0.7926373313091398,1.673058519464597,1.492012705352454,2.101421995412274,1.6931258287087336,0.6857716991395048,0.8478923871759919,-1.0338176850324785,-0.8443037812831968,0.5899118548589665,0.595602414793676,-0.3468330955368814,-0.12335043811768945,1
0.4222936497948005,-0.4672045922727744,0.7022364914065783,0.9743755983820127,-0.03405331154219143,0.43784123109298423,-0.07230318739557384,0.679694326250698,1.2094202638219393,-0.13613344236512406,0.810560947767485,1.1896039920544517,-0.7803818461063006,-0.2603072003324533,-0.13433253403463055,2
0.9221575537815947,1.772068753041522,1.85435723510576,0.1435066327778648,-0.99616304329814,-1.202553132966191,-0.5324163793212202,0.49210154408610524,-2.0445272111574893,2.445734418043932,-1.051224947778595,-1.1269609125324658,-0.6948408954260309,-1.3702923783653769,0.3722054997313503,2
0.9380227441205288,0.353605269188856,-1.2177023845116732,-0.4240831803836035,-1.7525488908163644,-0.3479488711994657,-1.2306293238359898,0.0009152307688622306,-1.21720829247516,-0.8004190038047995,1.3402879441632527,-1.4289370063517002,0.7119814464034404,-0.4411882928260384,1.5040157551152238,0
-0.1843348263947701,0.9468386842267676,1.4301898105783244,1.4536781340392135,1.918343678785732,2.1491336085633583,1.9574156291042577,1.4402789381041206,0.05852322416615429,0.8001136961928828,-1.9985820377080696,0.44549914936384727,0.9887672578471297,-0.6620633975153261,-0.5277170949333375,1
0.25531176929341237,-2.18695215674233,-3.066149940995412,-3.3896761533606816,-1.9021656096203916,-0.8990238772841146,-0.15976035708864605,1.1014240800523138,1.9221465480572262,1.9806026108177088,1.1281190885637695,2.436166278172517,2.0688692467243355,1.2353719984414777,-0.5049138457147857,1
0.7900692740438399,0.6888188861135136,0.627813822266579,0.6996914953903323,1.160045792135828,-0.06361114799302535,-0.8524639855648902,0.29329600382553145,-0.8694659344956298,-1.8014177579461492,-0.17917168917203555,-0.41919658969214746,-1.5440528034300196,-0.7318410434147942,1.4137414825796346,2
0.32026053555877854,-0.40772962837306853,0.24558947681384924,-0.646783398294745,0.05344603253890483,-0.2528480796197502,-1.0874084228923584,1.5137550812789844,-1.2726903358879513,-0.7275145898771909,1.187968368575435,-1.14273858583089,-1.6098889783067238,-0.03567887350976281,-0.18791824977251564,2
0.15378292632036714,0.2998408103246376,0.8944179346508065,1.5319558536274442,1.6601958101669174,2.096005175842483,1.752857093985238,0.8947724122265647,0.24541157249922457,1.1732613011586046,-1.956956374110637,0.6809248835012314,0.6651197551276656,-0.34618737990102777,0.16753900194510735,1
0.021990065790755894,0.6466607688073703,0.8234153774995574,-0.585356864909945,-0.5533629406213657,-0.08121368250650808,0.6849886355900093,-0.5397812016771808,-1.091095754432336,-0.8635985835995025,-0.20342773375298256,0.10264039838551631,0.4046590690397792,-0.5470049426516019,0.7074816283092616,2
0.05219742760877436,-0.4688715479404723,0.10947253350741186,-0.6990502836185569,0.3393117065444329,0.12551923148813743,-1.2120378735683446,0.8897604604451288,-0.17232611176569695,-0.07571881899085783,1.165065103705615,-1.3720017070713915,-1.2476141741234499,0.2890757340975276,-0.752813566025912,2
-1.1906762241215978,-1.6263076907506988,0.07269696093634194,-0.8912019609439863,-0.30825705714394774,-0.11076986133480322,0.7339867115838935,1.926272754020474,1.2286274842110083,1.0501612541398437,0.6040839133687752,-0.6299006131592048,0.2137963922110005,2.8064788549285975,-1.48055679989249,1
-0.3723972163229869,-0.8250735275640251,0.3071481154597667,0.770022072585083,-0.5748691932042218,-0.16324054537148086,-0.1545718592664911,-0.3381015124826692,0.466600459761921,-0.9247390423334684,-1.5515446240709525,-1.151155573408312,-2.455622187933957,0.13305469358431915,-1.1072807946817265,2
0.6486607734159381,1.0622554950350582,-1.8519906859591795,-1.2166433277152193,-1.2305239011812983,-0.9451291107354638,-1.5245025807419896,-1.9862763532728076,-0.36273805930684005,0.3233607213925837,1.7843161080525418,-0.058986448684626755,0.9199584529490273,-0.7885833049154587,0.684637261562876,0
0.6413418021228255,1.0618992543447916,-1.841289269873683,-1.2107762231036634,-1.2314804699469462,-0.9440382496383075,-1.5255001260859116,-1.982904418120521,-0.3659291888417362,0.3248344665496562,1.766059402551452,-0.052801813113149215,0.9202588751529145,-0.7866865152351368,0.6660411420824481,0
-0.06276656717809118,-1.1296338646377904,0.6290148999730761,0.869069038183194,-0.652571149094828,-0.2529156519971768,0.0619761274000197,-0.37779670859335235,0.3045055625792241,-1.4782881257550207,-1.0551281464294513,-0.04726586328707961,-2.375351242759507,0.2339074044592564,-0.6276875814334791,2
-0.6048361811911853,-0.779575503911351,0.8557845713385681,1.1480453836839746,0.5537374901155565,1.7940744815685388,1.9221549445024568,0.9905952696910292,1.4449496012229712,0.6179447064548811,0.25415141905109634,1.3739432560216502,0.6834980834504576,0.1998055474407201,-0.6598478929872926,1
0.7814391270871878,0.6984215236641156,0.7667380183592244,1.6022838205886907,1.0269111774207624,-0.11399029941352619,-0.578467606483804,-0.2858085808466557,-0.6870928011141542,-0.699402650160153,-0.5145007079525274,-0.6675525832815645,-0.6382142903723229,-0.5007152030063232,1.1465068565826038,2
0.7219782256830418,0.8305750352740979,0.12168710112160928,1.7540669889481528,1.414013838315628,1.2022927723844747,1.1344816364265877,-0.10987326985456665,-0.5744385260129785,0.2759762413187056,-1.8401759046464967,0.7068370770381834,0.18588474542829841,-0.5699682049516586,1.2590778261036852,1
0.776416648649755,0.37361284806600487,-1.051283769941812,0.2431682128699369,-1.7793434570007807,-0.8678217735579314,-1.0967146136720016,-0.37940189513170897,-0.16519973857742995,-1.444197351214637,0.7005478420405602,0.9185433681564961,1.012875404548913,-0.551524952102581,1.2743110695677544,0
-0.13453707145353586,0.16696926766667095,1.221935077935745,1.6682809645163563,1.285650465582856,2.3735648590660943,1.8899109053551868,0.7188249706153014,1.367403270710294,-0.42708272178089696,-0.006243048051381726,0.2863304653666472,0.2800084922264308,0.025018396260506885,-0.6814726915017864,1
-0.5170793453470227,-0.8934088438641551,-0.6659097213849511,-0.6835842961312919,-0.513124443686046,-0.7025382026363496,-0.10053465176323081,-0.0949677547147284,-0.15709076140832193,0.6090195894730701,-1.1741203303200127,-0.5654682842064338,-1.7500717009681281,1.2400130795741788,-1.1218677890363917,1
-0.9759963699952238,-1.6684749889881811,0.3732740031853702,-0.7458191806338951,-0.26241445671744706,-0.30539083853214377,-0.1258336575625907,1.3006329061805322,0.7016933703702833,1.1407039833339707,0.7136040347332004,0.5736891662289245,0.4351539096536557,2.112455618067333,-1.2891679101465439,1
0.1500293956668115,-1.067356935305032,0.4681726684735029,-0.20702881859903846,-1.1190758825360527,-0.10985718049940496,-0.028148319865040444,0.3559177335880369,0.14789448391194054,-0.3535314326342815,-0.14118310733937606,-0.4385757568107856,-1.280036525187002,0.7629502963598382,-0.4062664010195204,2
0.5807198099774428,0.15195125091447326,-0.612123400553432,0.21147679491377003,-0.9248514390738952,-0.7958104214612174,-0.605817955817294,0.47399685750679355,0.0703706345286649,-0.47333870254108523,-0.40737360022074365,-0.30485564972412865,-0.022618596049892085,-0.192385986886066,0.512544063284518,0
0.4469661682354736,0.6352442464304441,-0.8974313755954224,-0.12181726836304244,-1.0325719699720206,-0.8447511817421871,-0.8737718095959468,-0.5178919638680733,-0.07706566510820853,-0.2187522470460345,0.74300499067959,0.6424638553709745,0.8460880306452622,-0.2118381704161667,0.40191283806329914,0
0.8430946465873254,0.5661839106122059,0.6781534114714077,1.8725785931177505,2.0608917155104964,0.00681581334908741,-0.6052098710138015,0.0806632137174986,-1.018698149695259,-1.0437118657326898,-1.1509675950246434,-1.0978347455957453,-0.8828881075530371,-0.6866409489050166,1.6498241885320697,2
-0.3990892831085483,-1.061755196900143,-0.808785971044849,-0.6492908968283575,-0.5970573459987313,-1.1872992272115117,0.08280030007826082,-0.12389658874424085,1.3559757119340947,1.2556402152668447,-0.9019093675456203,-0.128927513729862,-0.8434733899556272,1.1346000020210223,-0.9538377940431078,1
0.7118942080194881,0.2545428830150591,0.8299419016189065,1.5452183863995543,1.3010706231930032,0.2374507595683782,-0.22732818252575357,0.2711208819236963,-0.4721527666487116,-0.0436721005200048,-0.48417923671099183,-1.235943657119352,-0.5937243847101722,-0.3802892369195626,0.8483621819060315,2
-0.6855906668649597,-1.1212402324185566,-0.29864944525370535,-0.4433099311864832,-0.3575911953500409,-0.6472690937520782,0.13794448048689167,0.670627866474689,0.8319849041545523,0.7558560663585461,-0.7582701171134122,-1.3132271212004358,-0.8195429334502302,1.586843090482226,-1.2498016989701037,1
0.15478196757339724,0.3392408799364465,0.9421356570359525,1.4724187193022464,1.3705435064599412,1.9936537564750019,1.6757855156176389,0.4525188894245654,0.519486793674063,-0.2177103663514138,-0.5239674481409419,0.26334127064138996,0.20660990365783113,-0.1666784331336317,-0.17904459784347948,1
0.9336650908635421,0.7607072913561478,0.672471577289655,0.7132987699777311,1.1356711376055728,0.08553728402032873,-0.38189261228654536,0.05756939599992581,-1.0215523036756378,-0.9060859377276556,-0.24574167753493117,-0.11785915343613913,-0.37994239462704255,-0.42129217979628836,1.4650840121002688,2
0.6249002012264898,0.2624247810837777,-0.4730845510579712,-0.43125062056359786,-0.13066851431199475,0.27514905386509925,0.48034893784858473,0.3703120663207599,0.1327589066413852,0.271998542322439,-0.6287756020032748,0.5888403730875587,0.6195445941231662,-0.08628683646981633,-0.07358040479379512,2
-1.1333906743433475,-1.2483218960936033,0.366774138908147,-0.6117528881494108,-0.3756103037517689,-0.5274127289038028,0.46465985741750193,1.3671435562736542,1.3900938431316079,1.0517800598873386,0.5336283466901188,1.8491044437358533,0.3008067690875974,1.2494970279757827,-1.4027635550471609,1
-0.10336339498922656,0.45159684360225666,0.5191981902216065,-0.3169074574379083,-0.035742602096728755,-0.1673704881046383,0.5650708032718347,-0.3863450253294902,-0.831256060730339,-0.48245823020125156,-0.4621968495082477,-0.4348093288883445,0.49751814167935243,-0.5067284298652136,0.6574632584102049,2
1.2565884607031441,0.2978191212837586,-0.4028329187494421,0.4588571551418771,0.9466813234637399,0.0772656711166092,-0.5667313081352559,0.047668198833452635,-0.6859368816260472,-0.4577844148676021,-0.6533249413650535,-0.8390592740890364,-0.8872933064170454,-0.11215581913121386,1.2711724215393343,2
-0.09319316207136027,0.11258711711227036,0.7833387464673005,-0.35778449082193686,-0.03642390505359091,-0.21334972141006261,0.4794742099364995,-0.5508293549451647,-1.3703910391398504,-1.2501416453796066,-1.033451510542632,-0.6465331201677186,0.08825706637781898,-0.6083882852849679,0.7218975362861724,2
-0.4041184476269278,0.23495098108143356,1.097040373602447,1.0807217318221707,1.3930245887020625,2.0954390477630094,2.020152635555787,1.255337693874935,0.4982285282837804,0.594153049539554,-0.2176381489873634,-0.007841933036403934,0.4340124244940452,-0.38569710536984025,-0.7761336393066662,1
0.28188436636942743,-0.30044290909450067,0.23691274351071123,-0.7192282417090139,0.09726014974442726,-0.6605650759095838,-1.2285754408436826,1.2209651770387762,-2.3385898782603274,0.0903416877293363,1.2142614869607955,-0.3243370649748104,-0.7742634260432071,0.29787360963603854,-0.7104911224221259,2
0.639465916543541,1.050555802589304,-1.8394045423282217,-1.1921726432675008,-1.2342618237247713,-0.9471337346637312,-1.5411314915584244,-1.98825656577909,-0.334660625281095,0.31846769088984045,1.726624934069905,-0.07289066092057936,0.942576549231756,-0.7885429476882179,0.6519938115041966,0
-1.0539959263947263,-1.124002048405605,-0.30616999552416735,-0.5345689277035032,-0.13069110701909786,-0.29411016064768486,0.4697032983104513,1.4231110826835296,1.8735718533777264,1.0897383250533432,0.19152505645749604,-0.7732767585526296,-0.33695201698918814,1.4500320901356725,-1.4257715157782795,1
-0.764242028182012,-1.3591687270420054,-0.914396559112292,-1.4394665474688004,-0.6779603129704787,-0.24548289989876387,0.4038357555528129,1.0444887294922205,1.530093314355871,0.9256240342698397,0.9654627857283792,1.7385100719569362,0.39674656016054954,0.6288432302384239,-1.019824840161608,1
0.10392710804459615,0.32618422528450325,0.5883913892738333,-0.008806731304168838,0.11022027665443586,-0.2384748485692189,0.4858293194545471,-0.8548571380299445,-0.9894293928280197,-1.342843635454348,-0.9448873578892677,-0.041640878933722494,-0.18245612349351495,-0.6675519804200851,1.0054918628691096,2
0.7033504522666466,0.1319140395537127,-1.019252603960319,0.18965256891845084,-1.1152270216313565,-0.6619463306948549,-1.4047345764562624,-1.3520893330947639,0.06360778940995544,-1.2103480688728638,1.1827944901038392,-1.3012090330648465,1.1760016808805909,-0.3734285082886145,1.155135193062696,0
0.18703280686811374,1.2173287906457193,-0.3847261597206325,-0.6632467139856848,-0.7789589128181402,-0.9176180085138643,-0.23944878554509888,-0.382809104670496,-0.8250504965788181,-0.21933912402535513,0.23533559631028467,1.1179691867019135,1.042224627210956,-0.4998273440070246,0.03519059216963248,0
0.7176072882389116,0.984254747724834,0.7798912330925585,1.308835640232437,1.673989649845516,-0.0699040350594127,-0.9139994435322727,-0.04490135043271522,-0.6332370590165248,-0.9678357983773426,-0.4300388320290545,-0.7890343754866913,-0.8345525195124247,-0.9965440968876671,1.2563057615306203,2
-0.8635590979829517,-0.9216976913232575,-0.5014495420339892,-0.8508042810270003,-0.136165297295688,-0.8315715664784527,0.4702542068283205,0.7474869848770039,0.762225299832989,1.5131206648844955,-0.39692709692663086,0.08915792036803868,0.015571781851517499,1.1542943289145677,-1.117716670978359,1
-0.02014843152708096,-1.1052392393833979,0.5625331426658519,1.1355413465697317,0.0664803975329648,-0.20785869787621714,-0.2540106543586727,0.38815852284927943,1.2988943059395832,-1.0469126591952713,-1.272900540368265,-0.4180197530185298,-1.9063568153275599,0.4042149034157332,-0.7563929963696143,2
0.14600296734093282,-0.2466453920260213,-0.08281756378172729,-0.05303767918381639,0.48121769436861456,-0.608087655577016,-0.7105228945892266,0.3256378367015391,-1.6431651870776922,-0.25731964792396683,0.8001410788102262,0.3668139027186501,-2.1778131130312604,-0.21264531496098354,-0.7356843845921488,2
0.44286672086767725,0.9953523697665649,0.7325949265128124,0.7861920871600422,1.532333582258979,0.1446653061825953,-0.06605488902751958,-0.07403597415598984,-0.4716156012232209,-0.2592911941755014,-0.24331605042859095,-0.7511699258807043,0.13317356362181215,-0.8083179890362435,0.06990496382858244,2
0.4923230458068852,0.08807492112521137,-0.5320243337309876,-0.6406691650513334,-0.23671459678039486,0.21532811466765625,0.2837521658736257,0.6468387932918974,-0.12482012202247675,0.05589839793427695,-0.019133523530790182,1.0203262711993257,0.6966098436378849,0.34932907436814803,-0.03401211048459809,2
-0.45322269761944467,0.23532609749247502,0.6642800638343235,1.4738622420944638,1.1380278912818098,1.6915595063329676,2.031028057582307,0.5648170664726742,0.33841795201625474,-0.8729947584331033,0.4981338349620758,0.5526463433495272,0.5467071115755834,0.13826077589839245,-0.8165218672715694,1
0.6346913509496301,1.0532539001722852,-1.8241639843558433,-1.1899369464387843,-1.2326172448996056,-0.9380293340919323,-1.5360818174499498,-1.9974416390455827,-0.3450637397497231,0.307173134893579,1.7234561047834098,-0.07970447643996673,0.9280088540303058,-0.7868883013713411,0.6367375772696046,0
0.9640685483977462,0.46237429779215217,-0.09736589502223214,1.1546844171063113,0.4793291884487096,0.7803824983827132,-0.38567340379254167,0.11376425371363975,-0.008872691358915634,0.6568601585546386,-0.8282966807234569,-3.438161565502737,-0.2857955995645907,-0.4864287445630551,1.4920258114917841,1
0.14117684854393345,0.7427794674848747,0.18731744099086153,0.20380627360753475,-0.08186646147492013,-0.11910866268198682,0.6844352645672411,-1.227902758814131,-0.1543349321957604,-0.44061324630482557,-0.8752207881434179,-2.0196657576826036,-0.6119601317012784,-0.8624370307662527,0.9943288014916793,2
-0.6295762642393193,-0.02977192462529281,1.3104877001604214,1.2820594829579308,0.8591981876419782,1.737696222369254,1.9967572229966186,1.2703694213082113,1.2449600166747337,0.6656169733071043,-0.4710070170560197,1.0024105894598692,0.5371891718713488,-0.36963492892797284,-0.5473316662732907,1
-0.15392389100687603,0.04236655822470251,0.5783110072419326,1.3303595620462756,1.1105065278014332,2.0290197985415808,1.6053312727585174,0.016956729252578462,0.9566577648318673,-0.9177941948967434,-0.6384957760602225,0.6302795353684049,0.33031470686634995,-0.20538101405762707,-0.46924310634010097,1
0.08548197020774395,0.21883570600543115,0.40697294152590985,-0.13340801023975496,0.023696332027405356,-0.3034826518346771,0.3775856072362213,-1.0339272918284157,-0.7718453715618536,-0.5871391862261912,-0.14424582959512197,-0.08277703280787795,0.28323962045368706,-0.45603975245067857,0.720860081542733,2
0.2743451942788219,-0.8760095401745761,0.38394932228733814,-1.108542124198024,-0.4988849970132018,0.08656378382410942,-1.2263530301723513,1.2922772522195163,-1.467237395104772,-1.404644893913459,1.0954562416896154,-0.024347337751546485,-1.2598506168657688,0.47560683840483575,-0.2703653885011638,2
0.17325182631480232,0.7737952570948212,0.3927790034799912,-0.23454647318151695,-0.34302627914095907,-0.26908653166701874,0.626648354682334,-0.9923768918674257,-0.3004527787676112,-0.29264939635247994,-0.8200466042899687,-1.0094203925555743,-0.12153419621518376,-0.6937841781266507,0.8205004495809769,2
0.3476924699859379,1.0343846882667267,0.5443889312046725,1.1282004786558448,1.2174625725667714,1.498576984772787,1.4783179403477773,-0.11358529317593619,0.10669045199605591,-1.2859143159666229,-0.6269270521954362,1.6132128120521916,0.5294187277247773,-0.689143096993951,0.2856351279396668,1
-0.8513224261788206,-1.631028950434438,0.4112002383077321,-0.5364746146201731,-0.48247765274810933,-0.3892513001965664,0.05800302965206852,1.4393488252350424,0.8822729054994075,0.8398363396271776,0.25007665993963796,0.4764128889321223,-0.024661745205031765,2.400686935021636,-1.2198897095481127,1
0.40229276649135914,0.6344836679320016,0.32362791831208776,-0.30384982799590116,-0.3874175504247471,-0.34962310250132755,0.17945315564363462,-1.1990353856908675,-1.3139275182165535,-1.028209590185078,-0.22204866834019896,-0.5422062049472344,0.17179033441313055,-0.5678292719078917,1.3628750825510396,2
0.6413418021228255,1.0618992543447916,-1.841289269873683,-1.2107762231036634,-1.2314804699469462,-0.9440382496383075,-1.5255001260859116,-1.982904418120521,-0.3659291888417362,0.3248344665496562,1.766059402551452,-0.052801813113149215,0.9202588751529145,-0.7866865152351368,0.6660411420824481,0
1.332006925932987,0.22804438568142324,-0.3571272371638774,0.42553319528922773,0.9014227283831099,0.27894284496241134,-0.6959893445819911,-0.06662310222347796,-0.48324174062705844,-0.032918450155590924,-0.7094629213110358,-0.03052532719444107,-0.2673375162995762,-0.00641988376013198,1.2728963970046703,2
-0.9841423039317391,-1.5990817758945004,0.09207423030002708,-0.6675391162920065,-0.08204946171595556,-0.41192169321087735,0.440824041247806,0.4025537037828993,0.29231538338618773,0.15435749554931877,-0.11606393811769472,0.8583812358075041,0.08765105597976633,1.7721231207450652,-1.3328753588539481,1
0.6061245422565242,0.6459490753425857,0.4087236193826125,0.8959926418185886,0.8282846915472636,-0.09297532493690713,-0.3027817181821821,-0.4536204160438341,-0.5048720630765786,-0.16913800304060683,0.21904403378550616,0.1863589273091748,-0.1881790472624039,-0.5608071143679801,0.730287385062575,2
0.9221575537815947,1.772068753041522,1.85435723510576,0.1435066327778648,-0.99616304329814,-1.202553132966191,-0.5324163793212202,0.49210154408610524,-2.0445272111574893,2.445734418043932,-1.051224947778595,-1.1269609125324658,-0.6948408954260309,-1.3702923783653769,0.3722054997313503,2
0.8054455007261746,0.8523018120588383,0.6571716511366714,0.9361963495540745,1.6364125065299657,-0.06504231419344096,-0.7480283832662837,-0.2461634016618687,-0.6380755709542816,-0.07635047963918656,0.3494304368083202,-0.7460995983174793,-0.4920739887682263,-0.6543955243395608,1.0998038705957505,2
0.025326596132638338,-0.8850874943506106,0.25567627811403654,0.33544315046544554,-1.1487956928479999,-0.2195551413391405,0.4102004842306223,-0.03310799209114744,1.2697500723216681,-0.4607921081935821,-0.5529782654082108,-0.48756020201717737,-2.160870651837179,0.3487640731867764,-0.5943195444625502,2
0.21268879503119098,0.6897501682718852,0.47121348077474234,-0.23091369661769318,-0.43653475470666586,-0.11591412269419916,0.34284297210254366,-0.8239158463965667,-0.45602042405596016,-0.65534776523064,-0.09848867303094261,-0.8048557008722576,-0.01322543488007632,-0.43315720460510543,0.8396847521248881,2
-1.0853639390802352,-1.4496647904186637,0.7300353717135406,-0.3186929017199456,-0.3819709299785204,-0.33338555793433433,-0.18517125295435363,0.6637373247325069,1.0408513806993096,1.3457996396659575,0.7121343447781618,0.6044763147444888,0.1718217277386688,1.999576453474617,-1.310791802323172,1
0.6542644130472345,1.0546711208046864,-1.8682981290010812,-1.2233931369009174,-1.235245303281013,-0.9620799347988889,-1.550930645037533,-1.9968368583426852,-0.3520245217987359,0.3215157243291932,1.758920856716703,-0.08973619797958579,0.934806224300345,-0.798551540043954,0.6970614618689651,0
-1.6622662753304485,-1.2608259820048981,0.01877189099349103,-0.389181557202298,0.26977443509200044,0.476497698909369,0.9091506566228613,1.3159488374609505,1.8811729790979483,1.599617650812524,0.5081139202858059,0.8935715034985039,1.0806439975660564,0.47992506171960847,-1.6636570485903543,1
