mfcc_1,mfcc_2,mfcc_3,mfcc_4,mfcc_5,mfcc_6,mfcc_7,mfcc_8,mfcc_9,mfcc_10,mfcc_11,mfcc_12,mfcc_13,zcr,rmse,label
0.9263825336507898,1.1437425870926288,-1.7365992350491664,-1.419805313524611,-1.3202826019319944,-1.0594645607359716,-1.4127397959144845,-1.727065513842715,-0.46004660622645516,0.7065104727098489,1.663550858759875,-0.16099128642663246,0.7872731077437669,-1.004327671257891,0.6679370038232155,0
-1.0362090686463776,-0.3272833224366574,1.0064141379616411,1.0791425864969717,0.7499205803972605,1.7884320032632564,1.495126688047393,1.2797787278562536,0.8064801169965253,1.5929629040236573,0.03663922961070269,0.48428377921190136,0.4502830032971059,0.4854297049855712,-1.0334931650593853,1
-0.18205290267122165,0.5269777897061634,0.297455941288554,-0.6706860552030516,-0.2989907270703402,-0.356605881062811,0.37669977202287336,-0.49016306952766864,-0.521703550928441,-0.7323585756016476,-0.7817708592079443,-0.5480641485397407,0.3436349310009594,-0.17756691548786752,0.9750926543531762,2
0.47696012918252556,-0.9812888420672403,-0.059915666383145695,-0.36754277575519767,-0.6613970349199862,-0.2500837522219363,0.01851430991438143,-0.6289156284872088,0.2348555673484242,0.3307171720617635,-1.5700751159313318,-0.135756831829516,-2.208036139670543,0.23211911995105933,-0.28466716024692823,2
-1.790433992482828,-1.2903524318490516,0.0734155432809823,-0.8628072522492709,-0.7174177191715329,-0.658961449923755,0.13503239846310472,1.100382893911618,1.6196052815797648,0.40196720489056503,-0.6570852959320208,0.09211737332532748,-0.498002483584672,2.5604922314557133,-1.4540076866931133,1
-0.040366417872111024,-2.8399116274720506,-2.9157992491384315,-1.7524517670645916,-1.3375591380498664,-1.6591531758039444,0.08780096428833964,2.463516956429569,2.8119556188169703,1.3055942102844844,-0.11093906878507098,2.9303426646615844,0.137747326333263,1.6477690895148567,-0.9927169981854279,1
-1.6291901706563863,-1.1808524580299924,-0.14613660575077225,-0.6617884686925523,-0.8410942919857833,-0.6551888515265691,0.05948274835839467,1.0029027503368928,0.27116857696398955,1.0531685262042558,-0.08441737882421176,-0.18890078407828328,-1.0134117404502103,1.6474933923173884,-1.3321319019107842,1
-1.1989926830164563,-1.2563359416705115,0.9150787618840821,1.471269214188415,0.9818438069633599,1.593084743200162,1.4673076856804361,0.7902249749605705,1.588810081923867,1.942274170142332,-0.8527340754073887,0.637852078284877,0.815642506783069,0.6025458744704013,-0.7742798659058111,1
1.2664149703551522,0.7988018211425166,0.10706694917064867,0.5675379757191017,0.9945397448788694,-0.3014839972134535,-0.6521301602123198,0.05987809151670478,-0.7266066659026478,-1.0556954139911088,0.13248246051915585,-0.6323566348435297,-0.5002082371959933,-0.8118358879850398,1.240943236448668,2
0.8417755854122507,0.6491073830621485,0.7100323937536805,1.0046878681856106,1.4754930919470968,-0.09132335938157504,-0.7200175487308073,-0.01375934038922925,-0.7349218468944155,-0.2920543550072388,-0.4051902303045593,-0.9569344363264322,-0.8310979151027108,-0.8128283978959278,1.1112739248549373,2
0.9252434014118754,1.1553402940783515,-1.7406624508844426,-1.4267996598752575,-1.3138688698892265,-1.056804873852575,-1.403677595133753,-1.7209961768762916,-0.4711074007246193,0.7204908113451601,1.6955899547379367,-0.14387568583534485,0.7822303040097215,-1.004107113499916,0.6710466351355103,0
0.9695993160925107,1.1512136525857133,-1.7804196100821206,-1.4589765434658224,-1.3181020160110846,-1.0804199018634386,-1.425670329470193,-1.728162624691616,-0.4830070544404021,0.7351961224990186,1.7052836864124772,-0.1561203028822308,0.7926298146026114,-1.0211452003035009,0.7524028751750852,0
0.017573745033128536,-1.1919050724770133,0.21318709742441208,0.4913040830317957,-0.6029356294491969,-0.5163313614661951,-0.10209188927141649,-0.24876345547194886,1.602035432481697,-0.4076847732264374,-0.9280766953346071,0.5405150413048659,-2.027023814580067,0.6327071478735087,-0.8486060775698728,2
-0.21483588077613894,0.6058801868613142,0.11389631440234224,-0.7035741737626195,-0.33753192688803707,-0.641549389266418,0.3156684562600636,-0.8464175166400332,-1.493314660367654,-0.809942236973329,-0.4735302636781438,-1.0555602463089613,0.16680816460579556,-0.9181447273290835,1.0328505232396226,2
0.5848614459718666,-1.0006652329616612,0.40821185696473405,-0.9606404988349395,-0.5633573370297148,-0.21859889627716486,-1.5622532480209237,1.2911257442479456,-1.9724652359531523,-2.0207151786562507,1.1654034123619457,-1.906670154305925,-1.7564335528863075,0.5276665156378219,-0.1568581129204869,2
0.4824803378253591,0.3782067112287214,0.04290058249473164,0.9919188290964087,0.5634597537162953,0.9013821919392232,1.0753170047179523,-0.3673712900024811,-0.0073094452125886805,-2.2028622213382705,-0.7040818022429941,-1.0997224763191829,0.2536954767539458,-0.24450619503333942,0.6176296454689346,1
0.22990737820337898,0.4165142629838157,0.5305596373543686,1.1967489276192496,1.105861511601053,1.3356179226365632,1.364060395837031,0.3934525292363062,1.0018738252940453,-1.286509303078216,-0.34517071425603435,0.46095790028911593,0.5255398446233869,-0.0459490734161709,-0.1708505511513948,1
-0.3287934684383924,0.09421055002173306,0.9293591479858517,1.4398012691863509,0.948444165435536,1.4572407077511889,1.0804788178801181,0.7281111911416779,0.01887739814958389,-0.02084263027243977,-1.5442979726958788,0.028389477979932413,0.3731173561598532,-0.22151304876442748,-0.20821831789261636,1
-0.7229905263068447,0.370082465808122,0.8476891484112727,1.070652714689957,1.0166841753970126,1.7528092799083732,1.3447441909111846,0.41876254338051794,0.44109399127659427,-0.06974248393731078,-0.7068918868451968,1.566484102076919,1.0009757025080697,-0.06932819576154176,-1.563111613181703,1
-1.8817147614449623,-1.790841852151947,0.5734882836736742,0.6056639544927285,0.6241457794733465,1.2658257664933223,1.263803983734245,0.5063799226587753,2.181501972583507,1.1207651926396107,0.2799088329095984,0.7366725277144376,0.9354414446826347,2.276799815260116,-1.2392947264702765,1
-2.643819337940942,-1.9524992286172795,-0.05904140115462903,-0.3418684456670236,-0.5192031136746235,-0.5206131423901997,0.5142890631002327,0.6710953374931526,1.1271283226337099,0.9112969338033812,-0.4918002948631221,-0.9847307677599147,-0.3296531038671733,2.8516284719829716,-1.612248383349368,1
1.4241722311138998,0.2588385838314359,-1.4174301222257963,-0.5210645691617081,-1.8726652254980345,-0.6513817492746179,-1.345817908243001,-0.4250981385592709,0.03940577079345756,0.4250362162985133,1.6622741993982428,0.36097548205534413,1.0717964394508872,-0.46170044719941494,2.2188266827382974,0
0.95084252947027,1.1539369814650144,-1.7613115740355663,-1.4454934218957955,-1.3183059496389327,-1.0654633360464258,-1.4026079960714288,-1.7177319682231649,-0.47938173904304265,0.7320577958696727,1.722292316415927,-0.14400587534786996,0.7798302162950965,-1.0066435277166321,0.7199799917259098,0
-0.7229905263068447,0.370082465808122,0.8476891484112727,1.070652714689957,1.0166841753970126,1.7528092799083732,1.3447441909111846,0.41876254338051794,0.44109399127659427,-0.06974248393731078,-0.7068918868451968,1.566484102076919,1.0009757025080697,-0.06932819576154176,-1.563111613181703,1
0.7525469489297409,0.4762608668370769,0.4723335532993097,0.5575119172116342,1.0484188667454135,-0.30587571862512064,-0.3110666325050845,-0.4381227846507702,-0.7142693618164556,0.4705837386080623,0.3474107593703207,0.12198003607573281,0.6216956388418449,-0.5988873726599874,0.5800348971419795,2
0.9695993160925107,1.1512136525857133,-1.7804196100821206,-1.4589765434658224,-1.3181020160110846,-1.0804199018634386,-1.425670329470193,-1.728162624691616,-0.4830070544404021,0.7351961224990186,1.7052836864124772,-0.1561203028822308,0.7926298146026114,-1.0211452003035009,0.7524028751750852,0
-0.11828706807652656,0.45093734176061884,0.41965001523883394,-0.8188606378178505,-0.4075706884915056,-0.32405205441074636,0.2558230252114904,-0.6170839835239772,-0.9540933145923922,-1.204432253440195,-0.3386110084028336,0.23441986253585237,0.7002436133515891,-0.4181954294388077,0.6547275946201728,2
-0.4931378249105243,0.36566197870066997,0.399872995208231,-0.6357436865018354,-0.8496438495648366,-0.7556236156726176,-0.06860115018323054,0.19975994984615403,-0.6350706649589271,0.09665065028735585,-0.0979897267652125,1.3907532147699688,0.5352529860475623,-0.16256898794555452,-0.3551791950085004,0
0.9639313822546643,0.9447892419934916,0.6990179610406807,0.44584389359326304,0.27993269134344406,-0.253469966426699,-0.18523862174344266,-0.14024008198811747,-0.47517705624060835,-0.21263216617243838,0.48352793480277373,0.8170730311047868,-0.3816227347371894,-0.5608411594092659,0.8562012424983032,2
-0.30433578323197313,-0.21467729106254643,0.38686549564030454,-0.09935468187360035,-0.17974894574862404,-0.3691935950525773,0.07780793962107581,-0.8633966238299107,-0.17699262022121817,-1.199520680161151,-0.887684926182012,-0.36687558661374314,0.31845728453269273,-0.0332670023325962,0.5895266007195351,2
-1.7335993809066885,-1.2115151742221915,0.8301880941735228,1.0861843913779876,0.9737210125880374,1.640996972870122,1.378285531428098,1.2604436460231447,0.384074978597307,1.358927891552757,-0.023999794781862566,0.14573607559190868,1.3168503659816926,0.5817031663417436,-1.2986923116450468,1
0.4995995159510608,1.0127345419849152,0.8698802314445058,0.40593255552554,0.8637270184339446,-0.49148457533068357,-0.31280485723243057,0.49727462291546376,-0.9363638973946706,-1.1354000554542736,-0.6127677150819576,-0.7180956820335157,-0.33146087578381017,-1.3277204838890229,0.7528932735685581,2
1.1985584263978315,-0.09417250023473503,0.24659262601251067,0.8934753852219737,0.9360698475755156,0.06547532711777022,-0.3230170537566577,-0.19216590628506808,-0.6938318289115729,0.35690912709549893,-0.09060240673045256,-1.379685382919191,-0.5215083864976747,-0.1572204623146566,0.7748174298582926,2
-0.6136407632101986,-1.0552443207514055,0.07104876895231199,-0.11951408578557733,-1.1253383891428301,-0.5943083038073549,0.24034302805510419,-0.44871021947503975,0.5111502669611193,-0.6060159637069339,-1.7611049076474976,0.8446136262298619,-2.194165471864284,0.37823863460962714,-0.8960180174576291,2
0.5069149169011712,-0.3797344155112559,0.009011677967876993,-1.1114740206287896,-0.05480911236451391,-0.4220453611821704,-1.3744388574045614,1.17311287963859,-1.7463341415080378,-0.795849660583062,1.702667411301392,-1.913212838252612,-1.9846718756587787,0.5704547206850098,-0.4317410850246011,2
-0.7229905263068447,0.370082465808122,0.8476891484112727,1.070652714689957,1.0166841753970126,1.7528092799083732,1.3447441909111846,0.41876254338051794,0.44109399127659427,-0.06974248393731078,-0.7068918868451968,1.566484102076919,1.0009757025080697,-0.06932819576154176,-1.563111613181703,1
0.9232530393214063,0.45933564651882614,0.6764893114581816,1.0471673557328676,1.2731873678485501,0.05579829933505749,-0.5592099115995124,-0.1124873867790502,-0.39902254691530586,-1.0348514441693044,-0.21431192739658692,-1.4633571315596205,-1.0156376089914039,-0.5890725524300912,1.0724590561341538,2
-0.2833141336876543,0.6618090091294532,0.9992609722627822,0.8286409090558101,0.7724199824812322,1.4096416669167913,1.3267877470394325,1.1481202263039525,-0.2239349355747416,1.0406313783040564,-0.7529409869588969,0.7954956508554193,0.5944070636645399,-0.2838206153924201,0.03904882387671124,1
0.8045637782334941,0.6570478876810899,0.6170088477202883,0.9545454507592234,1.638226098417005,-0.31556510881460054,-0.5564710377273634,0.3586027603529961,-0.28417946317222553,-1.5512598431460896,-0.1344653025573668,-1.0416914199821155,-1.2955132529705242,-0.8861087129831855,0.9939209328063097,2
0.9465142890850057,1.1444713428397444,-1.7636191185066676,-1.441912109338888,-1.3215392635052505,-1.0764575617555177,-1.4233372097025172,-1.7256365010761479,-0.4500640935137918,0.7409175656712909,1.6820093874907485,-0.16890215317508162,0.790313382952496,-1.0179471128128599,0.7043224966738959,0
